0 0.00703125 0.44609375 0.0140625 0.02890625
0 0.015625 0.471875 0.01640625 0.01953125
0 0.0296875 0.46328125 0.01328125 0.03359375
0 0.0453125 0.47109375 0.01875 0.03984375
0 0.01875 0.43515625 0.01875 0.03671875
0 0.01171875 0.409375 0.0234375 0.03203125
0 0.059375 0.44765625 0.01640625 0.040625
0 0.0421875 0.3765625 0.01953125 0.0265625
0 0.06015625 0.378125 0.02421875 0.02734375
0 0.07421875 0.42734375 0.021875 0.02890625
0 0.08046875 0.459375 0.01953125 0.02421875
0 0.10390625 0.4609375 0.01953125 0.028125
0 0.0984375 0.44921875 0.01640625 0.0296875
0 0.1078125 0.41484375 0.025 0.02109375
0 0.1109375 0.43515625 0.01875 0.0265625
0 0.128125 0.40859375 0.0203125 0.01875
0 0.13046875 0.384375 0.01953125 0.03046875
0 0.115625 0.38515625 0.01953125 0.040625
0 0.12890625 0.43671875 0.0171875 0.02734375
0 0.13828125 0.446875 0.0109375 0.02890625
0 0.1453125 0.42734375 0.0203125 0.02578125
0 0.171875 0.4265625 0.02578125 0.02890625
0 0.165625 0.45625 0.01484375 0.0359375
0 0.19140625 0.4453125 0.02421875 0.03515625
0 0.20625 0.4484375 0.0203125 0.03359375
0 0.225 0.4578125 0.0140625 0.0296875
0 0.184375 0.40625 0.01953125 0.01796875
0 0.20234375 0.39296875 0.0140625 0.034375
0 0.21328125 0.403125 0.01875 0.028125
0 0.23359375 0.4390625 0.01875 0.0359375
0 0.25078125 0.4578125 0.01484375 0.03203125
0 0.259375 0.43671875 0.021875 0.0296875
0 0.234375 0.39140625 0.01640625 0.0203125
0 0.2515625 0.3984375 0.0140625 0.02265625
0 0.23125 0.3453125 0.01953125 0.0203125
0 0.265625 0.409375 0.01875 0.025
0 0.27265625 0.38125 0.01640625 0.021875
0 0.29765625 0.38671875 0.02109375 0.028125
0 0.29453125 0.41640625 0.02109375 0.02890625
0 0.3140625 0.41015625 0.01875 0.02734375
0 0.32578125 0.4421875 0.01171875 0.02890625
0 0.33203125 0.42890625 0.009375 0.02578125
0 0.34921875 0.415625 0.0171875 0.028125
0 0.35234375 0.46171875 0.01171875 0.02421875
0 0.37578125 0.4078125 0.01484375 0.021875
0 0.35703125 0.38203125 0.02109375 0.02109375
0 0.35234375 0.36171875 0.0171875 0.01953125
0 0.36640625 0.44921875 0.0140625 0.028125
0 0.38515625 0.4328125 0.01953125 0.0171875
0 0.39765625 0.41796875 0.0203125 0.021875
0 0.3921875 0.45234375 0.01640625 0.0328125
0 0.4046875 0.47578125 0.0234375 0.028125
0 0.41171875 0.46171875 0.0203125 0.01171875
0 0.41328125 0.4078125 0.01875 0.025
0 0.39765625 0.3921875 0.0203125 0.0265625
0 0.428125 0.39140625 0.0203125 0.02265625
0 0.42578125 0.4390625 0.01875 0.02421875
0 0.44140625 0.44453125 0.01796875 0.0234375
0 0.45703125 0.46875 0.0234375 0.03203125
0 0.43125 0.41796875 0.01484375 0.015625
0 0.47734375 0.4875 0.01640625 0.02734375
0 0.49453125 0.4734375 0.0171875 0.03046875
0 0.50859375 0.46875 0.01953125 0.0375
0 0.5140625 0.49296875 0.0171875 0.0265625
0 0.53125 0.49453125 0.021875 0.03046875
0 0.53046875 0.465625 0.02109375 0.0328125
0 0.48359375 0.44453125 0.0296875 0.03046875
0 0.46484375 0.434375 0.01171875 0.015625
0 0.51953125 0.41640625 0.0203125 0.02421875
0 0.55 0.42890625 0.021875 0.02734375
0 0.5640625 0.4703125 0.02109375 0.02890625
0 0.56953125 0.446875 0.0234375 0.02890625
0 0.590625 0.44140625 0.01796875 0.0171875
0 0.58515625 0.46171875 0.01640625 0.0203125
0 0.559375 0.51015625 0.0140625 0.02890625
0 0.54921875 0.50078125 0.0125 0.02578125
0 0.58046875 0.5140625 0.021875 0.03125
0 0.590625 0.48046875 0.02109375 0.0265625
0 0.6125 0.47421875 0.02265625 0.02578125
0 0.61953125 0.484375 0.01875 0.0265625
0 0.640625 0.4671875 0.0203125 0.02578125
0 0.63984375 0.49453125 0.01796875 0.01796875
0 0.63515625 0.51640625 0.02265625 0.02421875
0 0.60703125 0.5171875 0.0234375 0.0296875
0 0.60546875 0.53984375 0.01953125 0.0296875
0 0.59296875 0.54609375 0.0171875 0.02734375
0 0.6203125 0.5578125 0.02109375 0.02421875
0 0.63671875 0.5609375 0.01484375 0.02578125
0 0.659375 0.5734375 0.021875 0.0296875
0 0.65703125 0.5546875 0.021875 0.0296875
0 0.63046875 0.53671875 0.0109375 0.01796875
0 0.64296875 0.53828125 0.01484375 0.02421875
0 0.6578125 0.51875 0.02109375 0.03359375
0 0.66796875 0.503125 0.01796875 0.02421875
0 0.67578125 0.52890625 0.01640625 0.02890625
0 0.67890625 0.57734375 0.01953125 0.040625
0 0.70703125 0.5140625 0.0171875 0.0328125
0 0.7171875 0.46640625 0.01875 0.028125
0 0.725 0.5234375 0.01328125 0.0140625
0 0.73125 0.5375 0.01640625 0.0203125
0 0.715625 0.55625 0.01875 0.02421875
0 0.7203125 0.603125 0.0203125 0.034375
0 0.73515625 0.61953125 0.0296875 0.03203125
0 0.73515625 0.584375 0.015625 0.02890625
0 0.70625 0.58515625 0.015625 0.03125
0 0.759375 0.59375 0.0234375 0.0328125
0 0.76796875 0.6296875 0.02734375 0.04296875
0 0.7796875 0.6109375 0.01796875 0.03203125
0 0.79375 0.5984375 0.01171875 0.0234375
0 0.80390625 0.60703125 0.0171875 0.028125
0 0.7640625 0.55390625 0.0171875 0.0265625
0 0.78359375 0.57109375 0.01640625 0.0203125
0 0.80859375 0.57265625 0.0203125 0.03046875
0 0.78515625 0.48203125 0.02421875 0.02890625
0 0.8109375 0.6578125 0.01953125 0.0359375
0 0.8 0.6453125 0.01953125 0.02734375
0 0.82265625 0.64375 0.01875 0.02421875
0 0.82109375 0.62109375 0.01953125 0.02890625
0 0.8296875 0.68359375 0.0203125 0.02421875
0 0.83828125 0.63671875 0.01328125 0.021875
0 0.8375 0.61015625 0.01484375 0.028125
0 0.8296875 0.5890625 0.01953125 0.02578125
0 0.846875 0.5609375 0.0203125 0.02890625
0 0.87578125 0.575 0.02109375 0.02421875
0 0.85 0.68828125 0.02734375 0.03359375
0 0.87109375 0.66796875 0.02265625 0.02578125
0 0.865625 0.69921875 0.02109375 0.0296875
0 0.8703125 0.72421875 0.0171875 0.02265625
0 0.8796875 0.7171875 0.01796875 0.02421875
0 0.890625 0.70078125 0.02109375 0.0328125
0 0.91015625 0.590625 0.015625 0.0234375
0 0.91328125 0.6109375 0.01796875 0.02578125
0 0.94609375 0.63046875 0.01796875 0.0234375
0 0.9453125 0.65703125 0.0140625 0.0234375
0 0.95703125 0.6578125 0.0140625 0.02265625
0 0.89921875 0.73828125 0.01953125 0.03203125
0 0.93046875 0.73359375 0.0203125 0.02734375
0 0.94765625 0.6796875 0.02265625 0.02578125
0 0.95703125 0.6953125 0.021875 0.02421875
0 0.925 0.69296875 0.01484375 0.02265625
0 0.94609375 0.77734375 0.01796875 0.0328125
0 0.975 0.8234375 0.0203125 0.028125
0 0.99296875 0.8515625 0.0140625 0.03125
0 0.96640625 0.77734375 0.02109375 0.0296875
0 0.99140625 0.78359375 0.0171875 0.02890625
0 0.9640625 0.73203125 0.0125 0.025
0 0.94453125 0.759375 0.01640625 0.0296875
0 0.9796875 0.728125 0.01328125 0.021875
0 0.9796875 0.75546875 0.0140625 0.01328125
0 0.9734375 0.7921875 0.01484375 0.021875
0 0.98671875 0.80859375 0.01640625 0.0171875
0 0.95625 0.8015625 0.015625 0.01875