0 0.015625 0.57734375 0.021875 0.021875
0 0.0109375 0.5953125 0.01875 0.02109375
0 0.0078125 0.68828125 0.01484375 0.015625
0 0.0078125 0.7078125 0.0125 0.01484375
0 0.05859375 0.628125 0.0234375 0.03671875
0 0.0765625 0.63046875 0.01953125 0.025
0 0.09140625 0.62890625 0.0203125 0.03125
0 0.09609375 0.6046875 0.01796875 0.025
0 0.12421875 0.6203125 0.0203125 0.0265625
0 0.11171875 0.60234375 0.0203125 0.03125
0 0.04921875 0.609375 0.01953125 0.0234375
0 0.065625 0.57265625 0.02265625 0.02578125
0 0.06171875 0.5515625 0.01875 0.01640625
0 0.0828125 0.56640625 0.021875 0.028125
0 0.09765625 0.5546875 0.0203125 0.0265625
0 0.08125 0.50546875 0.01953125 0.02421875
0 0.1 0.53203125 0.02578125 0.02890625
0 0.10859375 0.55078125 0.021875 0.0234375
0 0.084375 0.5390625 0.0140625 0.0296875
0 0.12109375 0.56875 0.0234375 0.0234375
0 0.09375 0.58671875 0.01484375 0.0234375
0 0.14453125 0.6140625 0.0171875 0.025
0 0.15234375 0.596875 0.01796875 0.02578125
0 0.17421875 0.603125 0.021875 0.021875
0 0.1578125 0.5796875 0.00859375 0.01796875
0 0.13046875 0.53515625 0.01328125 0.025
0 0.16796875 0.54296875 0.02421875 0.0265625
0 0.175 0.578125 0.0234375 0.0296875
0 0.19296875 0.59296875 0.01328125 0.01640625
0 0.19921875 0.5453125 0.015625 0.0203125
0 0.20859375 0.51796875 0.01796875 0.025
0 0.22578125 0.51015625 0.01953125 0.028125
0 0.2203125 0.52890625 0.01328125 0.01484375
0 0.2296875 0.5390625 0.01328125 0.021875
0 0.24609375 0.46953125 0.01796875 0.02265625
0 0.2203125 0.5640625 0.01796875 0.028125
0 0.2390625 0.58671875 0.021875 0.034375
0 0.26171875 0.55390625 0.01875 0.025
0 0.24140625 0.56171875 0.02109375 0.02578125
0 0.2640625 0.60625 0.01796875 0.0328125
0 0.27109375 0.49609375 0.02109375 0.02578125
0 0.2859375 0.55859375 0.015625 0.025
0 0.27890625 0.57890625 0.01328125 0.02734375
0 0.30390625 0.59140625 0.02265625 0.0265625
0 0.31015625 0.525 0.01640625 0.01875
0 0.29765625 0.5328125 0.009375 0.015625
0 0.31640625 0.5484375 0.0125 0.01953125
0 0.30546875 0.5390625 0.015625 0.02421875
0 0.32734375 0.59140625 0.0296875 0.0328125
0 0.34140625 0.5734375 0.01640625 0.03046875
0 0.35625 0.578125 0.021875 0.0265625
0 0.30703125 0.48671875 0.02109375 0.0203125
0 0.309375 0.5046875 0.01484375 0.01484375
0 0.3515625 0.4921875 0.01484375 0.015625
0 0.34921875 0.525 0.021875 0.025
0 0.3625 0.5390625 0.01640625 0.02734375
0 0.34609375 0.5484375 0.01796875 0.01953125
0 0.390625 0.57890625 0.0140625 0.028125
0 0.40625 0.52421875 0.01328125 0.01875
0 0.38046875 0.54921875 0.0109375 0.0140625
0 0.3890625 0.5328125 0.01171875 0.01796875
0 0.4390625 0.55078125 0.02109375 0.03046875
0 0.42890625 0.515625 0.01484375 0.02578125
0 0.44921875 0.521875 0.01484375 0.0234375
0 0.46171875 0.546875 0.0234375 0.03203125
0 0.42265625 0.559375 0.02265625 0.028125
0 0.40625 0.54765625 0.02890625 0.0203125
0 0.42734375 0.44140625 0.01953125 0.0203125
0 0.4546875 0.45859375 0.0234375 0.03125
0 0.43046875 0.465625 0.0203125 0.025
0 0.446875 0.4796875 0.021875 0.01640625
0 0.45703125 0.48671875 0.01796875 0.025
0 0.44453125 0.50078125 0.0109375 0.01015625
0 0.475 0.540625 0.02578125 0.034375
0 0.47734375 0.51875 0.02109375 0.02265625
0 0.4640625 0.515625 0.00546875 0.01640625
0 0.47578125 0.49921875 0.01875 0.02421875
0 0.49375 0.51015625 0.0203125 0.0375
0 0.4875 0.48203125 0.01796875 0.0234375
0 0.496875 0.54765625 0.0203125 0.0359375
0 0.51328125 0.525 0.0203125 0.03671875
0 0.5375 0.5234375 0.02109375 0.02734375
0 0.54375 0.5484375 0.01015625 0.0125
0 0.52265625 0.4984375 0.02109375 0.0234375
0 0.5484375 0.49375 0.0234375 0.03203125
0 0.5859375 0.46640625 0.0203125 0.0234375
0 0.5734375 0.4875 0.02265625 0.03359375
0 0.57109375 0.51171875 0.0296875 0.046875
0 0.58828125 0.48984375 0.01640625 0.028125
0 0.6 0.4984375 0.0140625 0.025
0 0.5984375 0.5171875 0.01484375 0.0234375
0 0.57109375 0.45 0.01640625 0.01640625
0 0.590625 0.43359375 0.025 0.021875
0 0.59765625 0.415625 0.01640625 0.01796875
0 0.60078125 0.47421875 0.01796875 0.0296875
0 0.61328125 0.48828125 0.01953125 0.0421875
0 0.6265625 0.49296875 0.02265625 0.02890625
0 0.62421875 0.45546875 0.01796875 0.0203125
0 0.62734375 0.47109375 0.01484375 0.0140625
0 0.63671875 0.44140625 0.01796875 0.01796875
0 0.65546875 0.46640625 0.01328125 0.0171875
0 0.640625 0.47421875 0.0125 0.0171875
0 0.653125 0.4921875 0.0109375 0.02109375
0 0.665625 0.48984375 0.02109375 0.01796875
0 0.68125 0.48515625 0.02578125 0.02734375
0 0.68203125 0.4625 0.02265625 0.02578125
0 0.69765625 0.459375 0.0203125 0.0203125
0 0.70625 0.43984375 0.01796875 0.0265625
0 0.7234375 0.43359375 0.01640625 0.02265625
0 0.715625 0.40625 0.025 0.0234375
0 0.68359375 0.41875 0.01015625 0.01640625
0 0.71875 0.46875 0.0140625 0.02734375
0 0.759375 0.4125 0.0234375 0.03125
0 0.74921875 0.434375 0.01484375 0.025
0 0.75859375 0.465625 0.0171875 0.01875
0 0.753125 0.49296875 0.0171875 0.03515625
0 0.771875 0.48515625 0.02421875 0.03359375
0 0.78359375 0.41484375 0.0171875 0.02578125
0 0.8203125 0.42265625 0.02265625 0.02109375
0 0.83125 0.44375 0.0203125 0.0234375
0 0.81328125 0.45625 0.01640625 0.02109375
0 0.82734375 0.46796875 0.01796875 0.025
0 0.8109375 0.4953125 0.0125 0.021875
0 0.8625 0.421875 0.0234375 0.0328125
0 0.84140625 0.45859375 0.0265625 0.01796875
0 0.8578125 0.47734375 0.021875 0.03515625
0 0.83828125 0.4859375 0.01484375 0.028125
0 0.8234375 0.4859375 0.02421875 0.0265625
0 0.884375 0.42109375 0.01796875 0.028125
0 0.89375 0.46171875 0.01796875 0.02578125
0 0.9359375 0.45390625 0.01484375 0.025
0 0.9234375 0.45 0.021875 0.02421875
0 0.94375 0.42578125 0.021875 0.03125
0 0.95078125 0.484375 0.02109375 0.0296875
0 0.95078125 0.4625 0.0171875 0.0234375
0 0.9671875 0.48359375 0.01875 0.040625
0 0.984375 0.49609375 0.01484375 0.0265625
0 0.99453125 0.484375 0.0109375 0.025
0 0.99140625 0.45 0.0171875 0.03359375
0 0.96796875 0.46171875 0.01796875 0.0171875
0 0.89765625 0.4859375 0.021875 0.028125