0 0.015625 0.46953125 0.02109375 0.03203125
0 0.01328125 0.50703125 0.01875 0.03359375
0 0.03203125 0.5046875 0.0234375 0.03359375
0 0.02265625 0.53203125 0.01953125 0.02734375
0 0.01484375 0.55859375 0.02109375 0.03359375
0 0.0421875 0.540625 0.01875 0.0328125
0 0.06328125 0.5390625 0.025 0.034375
0 0.0890625 0.578125 0.01875 0.0203125
0 0.059375 0.496875 0.01796875 0.01953125
0 0.06640625 0.50859375 0.0140625 0.02265625
0 0.0671875 0.478125 0.01796875 0.02421875
0 0.04765625 0.4453125 0.01875 0.02421875
0 0.0703125 0.453125 0.01796875 0.0265625
0 0.09765625 0.5078125 0.02109375 0.03671875
0 0.09921875 0.525 0.02109375 0.0296875
0 0.11328125 0.490625 0.0203125 0.0296875
0 0.1046875 0.46015625 0.02109375 0.0328125
0 0.07890625 0.50703125 0.01640625 0.053125
0 0.13359375 0.4796875 0.02578125 0.034375
0 0.14296875 0.50859375 0.03125 0.0453125
0 0.16015625 0.49375 0.01875 0.03984375
0 0.18828125 0.49453125 0.021875 0.03515625
0 0.1703125 0.46875 0.0234375 0.0265625
0 0.14375 0.43203125 0.02109375 0.02421875
0 0.12578125 0.45078125 0.01328125 0.01484375
0 0.175 0.4375 0.02890625 0.0328125
0 0.1890625 0.4234375 0.02265625 0.0328125
0 0.209375 0.50078125 0.0171875 0.028125
0 0.21953125 0.48984375 0.02265625 0.03203125
0 0.23515625 0.5 0.0203125 0.0328125
0 0.234375 0.4734375 0.01953125 0.02265625
0 0.21796875 0.45625 0.021875 0.034375
0 0.2328125 0.44453125 0.0234375 0.03125
0 0.246875 0.4546875 0.015625 0.02734375
0 0.25234375 0.49375 0.015625 0.02421875
0 0.253125 0.4796875 0.01484375 0.0234375
0 0.24609375 0.40234375 0.01484375 0.021875
0 0.26328125 0.40078125 0.02109375 0.021875
0 0.27421875 0.440625 0.02421875 0.0328125
0 0.29375 0.49375 0.02265625 0.03515625
0 0.30703125 0.49609375 0.01796875 0.03828125
0 0.29375 0.4578125 0.01953125 0.028125
0 0.3203125 0.484375 0.0171875 0.03046875
0 0.29140625 0.428125 0.025 0.02421875
0 0.31328125 0.43671875 0.01875 0.025
0 0.315625 0.4125 0.01875 0.02734375
0 0.3328125 0.4234375 0.0234375 0.03203125
0 0.3484375 0.403125 0.01640625 0.02578125
0 0.32421875 0.45859375 0.02109375 0.03046875
0 0.34296875 0.45859375 0.0125 0.03046875
0 0.3546875 0.48125 0.0203125 0.03515625
0 0.35390625 0.4359375 0.01484375 0.0328125
0 0.36953125 0.4265625 0.01796875 0.0234375
0 0.36875 0.39453125 0.01171875 0.01640625
0 0.40703125 0.378125 0.021875 0.025
0 0.38984375 0.421875 0.01953125 0.02109375
0 0.3765625 0.4453125 0.01953125 0.02578125
0 0.37421875 0.46953125 0.01484375 0.03203125
0 0.3875 0.4796875 0.02421875 0.03359375
0 0.409375 0.465625 0.02265625 0.034375
0 0.4203125 0.4828125 0.0171875 0.0234375
0 0.42890625 0.46171875 0.01953125 0.02734375
0 0.41640625 0.43984375 0.028125 0.0328125
0 0.42421875 0.409375 0.021875 0.0359375
0 0.440625 0.378125 0.01640625 0.0296875
0 0.45625 0.421875 0.021875 0.03203125
0 0.453125 0.45625 0.01953125 0.03125
0 0.45 0.48203125 0.01484375 0.0265625
0 0.47265625 0.48359375 0.01953125 0.03359375
0 0.4921875 0.48671875 0.0203125 0.03515625
0 0.48046875 0.4625 0.01875 0.025
0 0.4890625 0.4484375 0.025 0.03515625
0 0.49453125 0.43046875 0.02578125 0.02578125
0 0.52734375 0.4125 0.0234375 0.02265625
0 0.53984375 0.45390625 0.021875 0.03203125
0 0.5265625 0.48515625 0.01875 0.06171875
0 0.54609375 0.496875 0.02421875 0.0421875
0 0.5421875 0.5109375 0.021875 0.03203125
0 0.5671875 0.490625 0.021875 0.034375
0 0.5984375 0.43046875 0.021875 0.03046875
0 0.5875 0.47421875 0.0171875 0.034375
0 0.60390625 0.48125 0.015625 0.02890625
0 0.60859375 0.50078125 0.01875 0.025
0 0.62890625 0.45703125 0.01875 0.028125
0 0.64140625 0.49375 0.021875 0.034375
0 0.65703125 0.47734375 0.021875 0.03203125
0 0.67578125 0.5078125 0.01875 0.028125
0 0.6640625 0.503125 0.0171875 0.025
0 0.6640625 0.44375 0.0203125 0.0234375
0 0.67890625 0.4546875 0.01015625 0.021875
0 0.68671875 0.47421875 0.01875 0.03125
0 0.70859375 0.49453125 0.01796875 0.0390625
0 0.7265625 0.4859375 0.0203125 0.0296875
0 0.7203125 0.46953125 0.015625 0.015625
0 0.71953125 0.4515625 0.0171875 0.028125
0 0.73828125 0.48125 0.02109375 0.03125
0 0.7328125 0.5046875 0.025 0.021875
0 0.75625 0.4921875 0.01640625 0.03984375
0 0.76015625 0.421875 0.01953125 0.03828125
0 0.7921875 0.465625 0.01953125 0.025
0 0.7859375 0.45078125 0.02578125 0.025
0 0.80625 0.49765625 0.0234375 0.028125
0 0.815625 0.43125 0.02109375 0.0296875
0 0.834375 0.4609375 0.0203125 0.02578125
0 0.83359375 0.5015625 0.0203125 0.0296875
0 0.8234375 0.48515625 0.02578125 0.034375
0 0.846875 0.48828125 0.02109375 0.0375
0 0.865625 0.47421875 0.01953125 0.02734375
0 0.89765625 0.49453125 0.01640625 0.03515625
0 0.87109375 0.5046875 0.02109375 0.03203125
0 0.85078125 0.409375 0.01953125 0.03515625
0 0.9046875 0.3984375 0.0125 0.01640625
0 0.92109375 0.39609375 0.0171875 0.03125
0 0.9015625 0.47109375 0.01953125 0.03671875
0 0.92109375 0.478125 0.02265625 0.03359375
0 0.94765625 0.4953125 0.0203125 0.03828125
0 0.93671875 0.45234375 0.0234375 0.028125
0 0.94609375 0.46953125 0.0234375 0.03515625
0 0.9765625 0.4984375 0.01875 0.028125
0 0.975 0.46640625 0.01953125 0.0296875
0 0.99296875 0.47421875 0.0140625 0.0390625
0 0.82734375 0.39296875 0.0203125 0.03046875
0 0.6609375 0.403125 0.021875 0.040625