0 0.01875 0.50390625 0.01796875 0.03515625
0 0.02578125 0.52109375 0.0203125 0.02734375
0 0.0390625 0.51171875 0.02265625 0.0375
0 0.00859375 0.4546875 0.0171875 0.0265625
0 0.0296875 0.46640625 0.01875 0.0234375
0 0.0390625 0.44921875 0.0125 0.02578125
0 0.0125 0.5328125 0.01875 0.0265625
0 0.053125 0.47265625 0.01640625 0.0328125
0 0.06640625 0.4609375 0.01796875 0.02890625
0 0.09375 0.48984375 0.021875 0.0328125
0 0.109375 0.50390625 0.01953125 0.02734375
0 0.07109375 0.50625 0.021875 0.02734375
0 0.08203125 0.4296875 0.0234375 0.0328125
0 0.10703125 0.41953125 0.01875 0.028125
0 0.08828125 0.4640625 0.01875 0.01875
0 0.11484375 0.4609375 0.021875 0.03359375
0 0.13203125 0.46484375 0.01796875 0.02578125
0 0.15 0.4625 0.021875 0.034375
0 0.121875 0.48828125 0.0140625 0.02265625
0 0.13828125 0.39921875 0.01484375 0.0328125
0 0.17265625 0.44140625 0.01796875 0.03359375
0 0.15234375 0.5015625 0.02578125 0.0359375
0 0.18125 0.50078125 0.02109375 0.0328125
0 0.19609375 0.45625 0.021875 0.03046875
0 0.17265625 0.478125 0.0234375 0.034375
0 0.2234375 0.48671875 0.0140625 0.03125
0 0.24140625 0.49140625 0.01875 0.02421875
0 0.19296875 0.475 0.02890625 0.03203125
0 0.20703125 0.47421875 0.0171875 0.02890625
0 0.1984375 0.4984375 0.015625 0.0234375
0 0.22890625 0.41015625 0.02109375 0.03125
0 0.24375 0.42109375 0.01875 0.02578125
0 0.275 0.40390625 0.021875 0.0296875
0 0.23671875 0.46015625 0.0203125 0.0265625
0 0.24921875 0.446875 0.0125 0.0203125
0 0.25703125 0.46796875 0.01953125 0.03125
0 0.26328125 0.496875 0.021875 0.02734375
0 0.28203125 0.49765625 0.01875 0.02578125
0 0.2828125 0.46640625 0.01640625 0.02734375
0 0.29296875 0.48046875 0.02109375 0.03203125
0 0.30703125 0.4625 0.02109375 0.02421875
0 0.31640625 0.48125 0.02109375 0.025
0 0.32578125 0.50703125 0.0125 0.01875
0 0.28125 0.44375 0.01953125 0.025
0 0.321875 0.4375 0.02265625 0.03046875
0 0.328125 0.45703125 0.01875 0.02890625
0 0.346875 0.49140625 0.0171875 0.01875
0 0.34765625 0.52421875 0.02109375 0.03515625
0 0.36875 0.53046875 0.01953125 0.02890625
0 0.38125 0.52421875 0.01875 0.0265625
0 0.3796875 0.4984375 0.02265625 0.0328125
0 0.4046875 0.51796875 0.01796875 0.0296875
0 0.36171875 0.47265625 0.015625 0.0265625
0 0.38125 0.4609375 0.0234375 0.02890625
0 0.38359375 0.43671875 0.02265625 0.0234375
0 0.4109375 0.47265625 0.02109375 0.0296875
0 0.4171875 0.509375 0.0125 0.03671875
0 0.43203125 0.50859375 0.02109375 0.0359375
0 0.47109375 0.51640625 0.01640625 0.059375
0 0.4828125 0.52421875 0.0171875 0.0203125
0 0.503125 0.53671875 0.0171875 0.034375
0 0.45859375 0.43046875 0.01640625 0.025
0 0.46953125 0.453125 0.01953125 0.025
0 0.48515625 0.43984375 0.02578125 0.03359375
0 0.51328125 0.43515625 0.0203125 0.02421875
0 0.515625 0.45390625 0.0171875 0.0234375
0 0.52421875 0.48671875 0.01953125 0.02890625
0 0.5140625 0.5125 0.01796875 0.02421875
0 0.53046875 0.52109375 0.015625 0.0390625
0 0.5203125 0.5421875 0.01875 0.03359375
0 0.5375 0.4921875 0.01875 0.03515625
0 0.57578125 0.45 0.02109375 0.03359375
0 0.56171875 0.48671875 0.028125 0.05234375
0 0.5484375 0.53046875 0.01875 0.0234375
0 0.559375 0.5484375 0.01875 0.03515625
0 0.584375 0.56171875 0.021875 0.0359375
0 0.575 0.540625 0.0171875 0.0328125
0 0.57265625 0.5125 0.01953125 0.02421875
0 0.603125 0.525 0.0265625 0.0359375
0 0.6296875 0.54453125 0.02265625 0.03203125
0 0.6515625 0.54765625 0.02109375 0.028125
0 0.6421875 0.525 0.0203125 0.03125
0 0.6265625 0.49609375 0.02421875 0.03046875
0 0.63984375 0.4375 0.0203125 0.028125
0 0.6484375 0.46484375 0.01796875 0.028125
0 0.61875 0.44140625 0.0109375 0.028125
0 0.6640625 0.51328125 0.021875 0.0265625
0 0.684375 0.55859375 0.0265625 0.02890625
0 0.66953125 0.5375 0.01484375 0.01875
0 0.69765625 0.52109375 0.01953125 0.03125
0 0.7109375 0.5328125 0.021875 0.0328125
0 0.71328125 0.56015625 0.02265625 0.0328125
0 0.72265625 0.48125 0.02421875 0.0296875
0 0.73203125 0.55078125 0.01640625 0.02578125
0 0.75390625 0.4875 0.02421875 0.0265625
0 0.74921875 0.52109375 0.01875 0.02890625
0 0.76328125 0.53828125 0.02109375 0.02421875
0 0.784375 0.52734375 0.01953125 0.0265625
0 0.765625 0.5609375 0.0234375 0.03359375
0 0.7859375 0.5578125 0.01796875 0.01796875
0 0.76328125 0.5921875 0.021875 0.02421875
0 0.78203125 0.5953125 0.0171875 0.02421875
0 0.80078125 0.5859375 0.02109375 0.03359375
0 0.81875 0.56875 0.0171875 0.02734375
0 0.834375 0.571875 0.01484375 0.02890625
0 0.82265625 0.61171875 0.01875 0.0359375
0 0.84921875 0.58984375 0.0234375 0.03671875
0 0.80546875 0.5578125 0.01171875 0.01953125
0 0.8046875 0.5140625 0.0203125 0.028125
0 0.7953125 0.48125 0.01796875 0.0234375
0 0.84453125 0.48359375 0.01796875 0.0359375
0 0.86796875 0.48515625 0.02265625 0.03046875
0 0.8578125 0.51640625 0.02109375 0.028125
0 0.871875 0.58359375 0.0234375 0.0234375
0 0.8703125 0.56015625 0.02109375 0.02578125
0 0.89765625 0.559375 0.02265625 0.02578125
0 0.88125 0.60390625 0.01796875 0.03046875
0 0.890625 0.60859375 0.0140625 0.03359375
0 0.90703125 0.60390625 0.01796875 0.02421875
0 0.9171875 0.63828125 0.01875 0.03046875
0 0.9296875 0.63046875 0.01640625 0.03125
0 0.946875 0.615625 0.0234375 0.03046875
0 0.96640625 0.64296875 0.0265625 0.03203125
0 0.9765625 0.6203125 0.01640625 0.02734375
0 0.93046875 0.54609375 0.01875 0.03359375
0 0.95078125 0.56640625 0.0203125 0.02578125
0 0.94296875 0.64140625 0.01171875 0.01640625