0 0.01953125 0.6109375 0.025 0.03515625
0 0.0453125 0.61953125 0.03125 0.03046875
0 0.034375 0.596875 0.0234375 0.028125
0 0.00625 0.58671875 0.0125 0.0453125
0 0.0203125 0.5640625 0.02421875 0.03515625
0 0.02421875 0.53671875 0.02109375 0.0296875
0 0.06640625 0.58203125 0.0234375 0.0359375
0 0.06015625 0.60625 0.02421875 0.03515625
0 0.090625 0.6171875 0.02421875 0.03125
0 0.0921875 0.5578125 0.025 0.0390625
0 0.09296875 0.59453125 0.02265625 0.03984375
0 0.10625 0.5421875 0.015625 0.03671875
0 0.1265625 0.5515625 0.025 0.03515625
0 0.1265625 0.590625 0.01875 0.03515625
0 0.14453125 0.596875 0.02265625 0.0375
0 0.140625 0.56484375 0.02578125 0.0390625
0 0.15703125 0.58359375 0.01875 0.0359375
0 0.159375 0.5328125 0.02109375 0.02890625
0 0.17265625 0.55078125 0.02265625 0.03671875
0 0.184375 0.571875 0.01875 0.03984375
0 0.20234375 0.58359375 0.02578125 0.03125
0 0.184375 0.51953125 0.02421875 0.0375
0 0.196875 0.55625 0.0234375 0.034375
0 0.2140625 0.55 0.02109375 0.03984375
0 0.221875 0.5796875 0.01875 0.03125
0 0.2328125 0.56328125 0.02109375 0.03984375
0 0.25390625 0.56875 0.02421875 0.04453125
0 0.2296875 0.53125 0.0203125 0.03203125
0 0.215625 0.50625 0.025 0.03515625
0 0.2421875 0.5171875 0.021875 0.034375
0 0.259375 0.50546875 0.02421875 0.03125
0 0.28125 0.48828125 0.025 0.0296875
0 0.28359375 0.5515625 0.01796875 0.0421875
0 0.30703125 0.55625 0.0234375 0.0359375
0 0.33046875 0.56171875 0.02421875 0.0359375
0 0.309375 0.4984375 0.0203125 0.02421875
0 0.321875 0.521875 0.021875 0.0328125
0 0.346875 0.509375 0.02109375 0.02890625
0 0.35078125 0.534375 0.0265625 0.0328125
0 0.3671875 0.546875 0.0234375 0.03125
0 0.3640625 0.57265625 0.025 0.03828125
0 0.36875 0.4921875 0.025 0.03828125
0 0.38671875 0.55546875 0.0171875 0.0390625
0 0.3953125 0.50859375 0.02265625 0.0421875
0 0.40703125 0.5328125 0.02578125 0.0328125
0 0.4171875 0.56328125 0.02890625 0.0328125
0 0.4375 0.58359375 0.021875 0.0359375
0 0.41953125 0.5109375 0.025 0.0359375
0 0.4390625 0.4984375 0.0234375 0.03359375
0 0.434375 0.5359375 0.02421875 0.034375
0 0.4484375 0.54609375 0.0234375 0.03671875
0 0.46171875 0.5734375 0.02109375 0.04140625
0 0.465625 0.54765625 0.01328125 0.025
0 0.48046875 0.5328125 0.0234375 0.03125
0 0.4890625 0.56484375 0.02578125 0.034375
0 0.5 0.54375 0.02265625 0.02734375
0 0.515625 0.534375 0.0234375 0.03515625
0 0.53046875 0.55 0.0234375 0.0359375
0 0.5171875 0.57734375 0.01796875 0.034375
0 0.54296875 0.578125 0.02265625 0.03671875
0 0.534375 0.51015625 0.03046875 0.0359375
0 0.55078125 0.5234375 0.0234375 0.03125
0 0.55625 0.55625 0.02265625 0.0453125
0 0.571875 0.5234375 0.01796875 0.034375
0 0.5921875 0.5234375 0.025 0.03203125
0 0.6046875 0.48828125 0.028125 0.0375
0 0.57734375 0.484375 0.02265625 0.02421875
0 0.57421875 0.57578125 0.025 0.0453125
0 0.5875 0.553125 0.02109375 0.03359375
0 0.60546875 0.56953125 0.02890625 0.0515625
0 0.621875 0.5921875 0.02890625 0.0390625
0 0.646875 0.5890625 0.01875 0.04296875
0 0.659375 0.57578125 0.025 0.04296875
0 0.6765625 0.521875 0.0234375 0.034375
0 0.68046875 0.57734375 0.02265625 0.0375
0 0.69453125 0.54140625 0.02265625 0.03671875
0 0.70703125 0.5265625 0.0234375 0.0359375
0 0.71953125 0.52109375 0.0203125 0.03125
0 0.7453125 0.5234375 0.025 0.0375
0 0.71484375 0.5625 0.021875 0.02421875
0 0.7109375 0.590625 0.01796875 0.03203125
0 0.72265625 0.60546875 0.025 0.04140625
0 0.74140625 0.6078125 0.01875 0.03828125
0 0.76328125 0.61640625 0.02109375 0.034375
0 0.77734375 0.59921875 0.0203125 0.0375
0 0.81328125 0.5921875 0.02734375 0.04921875
0 0.81328125 0.64140625 0.02109375 0.0375
0 0.8484375 0.6640625 0.025 0.0375
0 0.84453125 0.63671875 0.0234375 0.0265625
0 0.85703125 0.5984375 0.01953125 0.02890625
0 0.83984375 0.6 0.01953125 0.02890625
0 0.83671875 0.5609375 0.028125 0.04375
0 0.8625 0.56953125 0.02421875 0.03671875
0 0.896875 0.65 0.02421875 0.03671875
0 0.90390625 0.675 0.0265625 0.03359375
0 0.9171875 0.6296875 0.0203125 0.03125
0 0.934375 0.66484375 0.0265625 0.0390625
0 0.94921875 0.696875 0.0296875 0.0421875
0 0.9796875 0.7171875 0.02265625 0.0359375
0 0.98828125 0.69765625 0.0234375 0.0359375
0 0.9421875 0.63125 0.02890625 0.03203125