0 0.0078125 0.53359375 0.015625 0.02890625
0 0.01796875 0.53828125 0.01484375 0.028125
0 0.0125 0.5671875 0.02421875 0.03359375
0 0.00546875 0.57109375 0.01015625 0.021875
0 0.02421875 0.5171875 0.02109375 0.02578125
0 0.0375 0.5484375 0.02109375 0.0296875
0 0.025 0.56796875 0.02265625 0.034375
0 0.01640625 0.49296875 0.02109375 0.025
0 0.04921875 0.5015625 0.02265625 0.0234375
0 0.0640625 0.54375 0.0265625 0.028125
0 0.06953125 0.52265625 0.02109375 0.0328125
0 0.078125 0.5078125 0.02109375 0.03046875
0 0.0421875 0.46796875 0.03203125 0.03359375
0 0.04140625 0.521875 0.01953125 0.02421875
0 0.0640625 0.46328125 0.01796875 0.02421875
0 0.08828125 0.4484375 0.02421875 0.02421875
0 0.1171875 0.49609375 0.02265625 0.025
0 0.103125 0.5296875 0.025 0.02421875
0 0.12890625 0.4859375 0.015625 0.025
0 0.1390625 0.49375 0.01328125 0.021875
0 0.1125 0.43828125 0.015625 0.02421875
0 0.14609375 0.478125 0.02578125 0.028125
0 0.15625 0.4375 0.0078125 0.0171875
0 0.171875 0.440625 0.01875 0.0203125
0 0.18671875 0.4328125 0.02265625 0.01875
0 0.2015625 0.45703125 0.01875 0.02265625
0 0.184375 0.46171875 0.01328125 0.02109375
0 0.19296875 0.47265625 0.01484375 0.0203125
0 0.19921875 0.4921875 0.01796875 0.02421875
0 0.1703125 0.48671875 0.015625 0.02265625
0 0.165625 0.484375 0.0125 0.01328125
0 0.16640625 0.51015625 0.01484375 0.021875
0 0.22578125 0.4734375 0.009375 0.03125
0 0.2390625 0.47578125 0.01875 0.03125
0 0.25234375 0.4859375 0.01796875 0.02734375
0 0.26015625 0.46796875 0.01875 0.0265625
0 0.23125 0.43046875 0.0140625 0.01875
0 0.2109375 0.44140625 0.01640625 0.025
0 0.23828125 0.45 0.0234375 0.01328125
0 0.25625 0.425 0.015625 0.02421875
0 0.27109375 0.4375 0.01328125 0.015625
0 0.26640625 0.45234375 0.01328125 0.01953125
0 0.27578125 0.46953125 0.01328125 0.0171875
0 0.284375 0.46328125 0.0140625 0.02421875
0 0.29921875 0.46328125 0.0140625 0.0328125
0 0.28828125 0.43828125 0.01796875 0.0265625
0 0.32421875 0.45234375 0.01953125 0.034375
0 0.3046875 0.41796875 0.02421875 0.03046875
0 0.29140625 0.4015625 0.01875 0.02265625
0 0.315625 0.41171875 0.0203125 0.0234375
0 0.3296875 0.4 0.02265625 0.0265625
0 0.37265625 0.409375 0.03046875 0.02421875
0 0.38046875 0.384375 0.025 0.02890625
0 0.40546875 0.4359375 0.03125 0.0484375
0 0.38046875 0.42421875 0.01953125 0.025
0 0.40546875 0.40625 0.02421875 0.02265625
0 0.4078125 0.37109375 0.028125 0.03125
0 0.44609375 0.3734375 0.0203125 0.0375
0 0.4328125 0.4421875 0.01875 0.03515625
0 0.44609375 0.42265625 0.01953125 0.03359375
0 0.45546875 0.4375 0.01484375 0.04140625
0 0.471875 0.4203125 0.01953125 0.0265625
0 0.4765625 0.43984375 0.02265625 0.0296875
0 0.4890625 0.4328125 0.0140625 0.0296875
0 0.50390625 0.42421875 0.02734375 0.0296875
0 0.521875 0.43046875 0.0171875 0.03125
0 0.48515625 0.4 0.02421875 0.01796875
0 0.48515625 0.37890625 0.021875 0.02578125
0 0.51796875 0.39609375 0.02265625 0.0265625
0 0.5296875 0.4046875 0.015625 0.025
0 0.53671875 0.37734375 0.02109375 0.0234375
0 0.5625 0.365625 0.02265625 0.028125
0 0.57109375 0.42578125 0.02421875 0.03125
0 0.55234375 0.42421875 0.009375 0.040625
0 0.5828125 0.39296875 0.01953125 0.0359375
0 0.584375 0.41875 0.01484375 0.03046875
0 0.59921875 0.41953125 0.0125 0.0328125
0 0.56640625 0.38828125 0.015625 0.01953125
0 0.5953125 0.36796875 0.021875 0.0265625
0 0.60546875 0.3875 0.021875 0.02265625
0 0.615625 0.41484375 0.025 0.0390625
0 0.63046875 0.4171875 0.015625 0.0296875
0 0.64765625 0.42265625 0.01953125 0.0328125
0 0.671875 0.4234375 0.02578125 0.02578125
0 0.65703125 0.40546875 0.0171875 0.0234375
0 0.63984375 0.38515625 0.01484375 0.03046875
0 0.628125 0.3734375 0.01796875 0.021875
0 0.6140625 0.34921875 0.0171875 0.025
0 0.628125 0.353125 0.01953125 0.01796875
0 0.6484375 0.3546875 0.0203125 0.01953125
0 0.65703125 0.37421875 0.01640625 0.028125
0 0.68125 0.3890625 0.01953125 0.01796875
0 0.70078125 0.41171875 0.03359375 0.0390625
0 0.69296875 0.37734375 0.02109375 0.0265625
0 0.70546875 0.359375 0.02421875 0.0296875
0 0.73046875 0.39921875 0.01484375 0.02109375
0 0.74453125 0.425 0.01875 0.028125
0 0.7453125 0.4078125 0.015625 0.02109375
0 0.7625 0.4078125 0.015625 0.034375
0 0.75 0.36953125 0.02109375 0.02421875
0 0.75390625 0.3859375 0.0234375 0.02734375
0 0.73203125 0.365625 0.01796875 0.0234375
0 0.77578125 0.3640625 0.01953125 0.0265625
0 0.7953125 0.371875 0.02109375 0.02734375
0 0.79453125 0.396875 0.01953125 0.025
0 0.7796875 0.409375 0.01640625 0.02265625
0 0.77578125 0.3796875 0.01875 0.0203125
0 0.77421875 0.42421875 0.01796875 0.01796875
0 0.80859375 0.38359375 0.015625 0.02421875
0 0.8234375 0.36328125 0.0234375 0.025
0 0.83359375 0.384375 0.02578125 0.02265625
0 0.8671875 0.36328125 0.0203125 0.021875
0 0.89921875 0.371875 0.02265625 0.02265625
0 0.9125 0.35859375 0.01796875 0.02734375
0 0.93046875 0.35625 0.015625 0.01875
0 0.98046875 0.2578125 0.025 0.01875