0 0.00703125 0.5828125 0.0140625 0.0203125
0 0.0109375 0.56875 0.009375 0.01484375
0 0.0046875 0.55859375 0.00859375 0.015625
0 0.025 0.57890625 0.0109375 0.01484375
0 0.03984375 0.5828125 0.0125 0.01640625
0 0.05 0.59765625 0.01328125 0.01796875
0 0.05546875 0.5953125 0.0109375 0.015625
0 0.0046875 0.60078125 0.009375 0.01875
0 0.05546875 0.55703125 0.01328125 0.02265625
0 0.06328125 0.57890625 0.01171875 0.02421875
0 0.07734375 0.56328125 0.015625 0.0171875
0 0.08984375 0.58125 0.0140625 0.02734375
0 0.09921875 0.5828125 0.0140625 0.0234375
0 0.1 0.5671875 0.0203125 0.02578125
0 0.07421875 0.5859375 0.0140625 0.025
0 0.10859375 0.55390625 0.01640625 0.0171875
0 0.125 0.56015625 0.01875 0.02265625
0 0.1390625 0.5828125 0.01328125 0.01015625
0 0.13671875 0.575 0.01796875 0.01875
0 0.14296875 0.5609375 0.0171875 0.01640625
0 0.140625 0.59375 0.01953125 0.01328125
0 0.16015625 0.58515625 0.0125 0.0140625
0 0.1703125 0.58046875 0.01484375 0.028125
0 0.165625 0.540625 0.0234375 0.0234375
0 0.16875 0.5515625 0.02265625 0.01875
0 0.18671875 0.53828125 0.01328125 0.0125
0 0.19609375 0.54765625 0.01015625 0.0171875
0 0.20859375 0.55234375 0.01328125 0.0140625
0 0.18125 0.5703125 0.0140625 0.02265625
0 0.2125 0.5328125 0.01171875 0.01796875
0 0.225 0.5328125 0.01171875 0.01328125
0 0.22109375 0.55078125 0.01953125 0.02109375
0 0.2203125 0.57109375 0.01171875 0.0234375
0 0.2078125 0.57421875 0.01796875 0.025
0 0.240625 0.55859375 0.0171875 0.03046875
0 0.253125 0.5328125 0.01796875 0.021875
0 0.28984375 0.5296875 0.01875 0.03125
0 0.2921875 0.553125 0.01640625 0.01875
0 0.28125 0.56328125 0.01953125 0.03125
0 0.303125 0.56171875 0.01796875 0.021875
0 0.31328125 0.57734375 0.01484375 0.01328125
0 0.31171875 0.5203125 0.01875 0.021875
0 0.31328125 0.5421875 0.015625 0.028125
0 0.31875 0.565625 0.01796875 0.01953125
0 0.34453125 0.5203125 0.01640625 0.01796875
0 0.34921875 0.5046875 0.015625 0.0140625
0 0.328125 0.54296875 0.0171875 0.02578125
0 0.3515625 0.546875 0.01640625 0.0234375
0 0.35625 0.5296875 0.015625 0.0140625
0 0.34296875 0.584375 0.01796875 0.025
0 0.35625 0.5859375 0.0125 0.0328125
0 0.37109375 0.55703125 0.0125 0.0203125
0 0.3859375 0.53125 0.021875 0.0140625
0 0.39453125 0.5484375 0.0109375 0.02734375
0 0.40234375 0.5421875 0.0171875 0.01875
0 0.39765625 0.515625 0.0171875 0.03046875
0 0.40234375 0.56640625 0.0109375 0.0171875
0 0.38125 0.565625 0.0125 0.01953125
0 0.43515625 0.525 0.0171875 0.02265625
0 0.425 0.53046875 0.01171875 0.02109375
0 0.4265625 0.59140625 0.01875 0.0140625
0 0.45703125 0.55546875 0.0125 0.025
0 0.47109375 0.553125 0.01328125 0.0203125
0 0.484375 0.553125 0.0140625 0.015625
0 0.49921875 0.5515625 0.0140625 0.01640625
0 0.46875 0.52421875 0.02265625 0.01640625
0 0.48984375 0.5359375 0.0203125 0.021875
0 0.496875 0.503125 0.021875 0.02265625
0 0.509375 0.50703125 0.01328125 0.0125
0 0.515625 0.5 0.01171875 0.0140625
0 0.51171875 0.52578125 0.009375 0.01328125
0 0.5265625 0.54375 0.01328125 0.015625
0 0.5375 0.52578125 0.0203125 0.02578125
0 0.54375 0.509375 0.01015625 0.01796875
0 0.56015625 0.509375 0.01875 0.021875
0 0.55625 0.528125 0.01328125 0.02109375
0 0.5828125 0.54296875 0.01953125 0.02890625
0 0.56875 0.5328125 0.00859375 0.01328125
0 0.5828125 0.5234375 0.01875 0.01484375
0 0.59609375 0.53828125 0.0140625 0.0328125
0 0.61328125 0.53828125 0.015625 0.0234375
0 0.6234375 0.54375 0.0125 0.02421875
0 0.60625 0.496875 0.015625 0.0234375
0 0.628125 0.51328125 0.0140625 0.01484375
0 0.6140625 0.52265625 0.01953125 0.01875
0 0.63515625 0.52265625 0.01640625 0.0234375
0 0.68046875 0.5421875 0.0234375 0.0140625
0 0.69609375 0.53203125 0.01640625 0.0203125
0 0.70625 0.5453125 0.01796875 0.0203125
0 0.684375 0.4859375 0.02421875 0.02265625
0 0.715625 0.49375 0.01796875 0.01796875
0 0.7015625 0.5078125 0.01484375 0.0265625
0 0.71953125 0.54375 0.0140625 0.025
0 0.74921875 0.515625 0.01953125 0.02421875
0 0.7546875 0.5453125 0.01953125 0.0265625
0 0.778125 0.51484375 0.015625 0.025
0 0.7765625 0.54765625 0.01484375 0.021875
0 0.79609375 0.53828125 0.02578125 0.025
0 0.80546875 0.5203125 0.01953125 0.0234375
0 0.8 0.5078125 0.0140625 0.0125
0 0.7859375 0.525 0.021875 0.01796875
0 0.83515625 0.50234375 0.02421875 0.01640625
0 0.8265625 0.559375 0.0125 0.01328125
0 0.85 0.53125 0.01796875 0.01796875
0 0.87265625 0.5328125 0.02265625 0.02734375
0 0.88984375 0.55859375 0.01875 0.021875
0 0.90625 0.5390625 0.0234375 0.0203125
0 0.903125 0.57890625 0.01875 0.01953125
0 0.928125 0.5765625 0.01796875 0.02265625
0 0.91875 0.5640625 0.0203125 0.0140625
0 0.94375 0.5390625 0.01953125 0.0171875
0 0.95703125 0.56171875 0.01640625 0.03125
0 0.97109375 0.575 0.0171875 0.0171875
0 0.96875 0.55859375 0.01328125 0.02890625
0 0.99296875 0.56640625 0.0140625 0.02890625