0 0.02109375 0.584375 0.0234375 0.0296875
0 0.00546875 0.58359375 0.0109375 0.02421875
0 0.01015625 0.5640625 0.01484375 0.028125
0 0.02578125 0.559375 0.02109375 0.0296875
0 0.040625 0.57421875 0.02109375 0.025
0 0.06796875 0.55625 0.01953125 0.03515625
0 0.05078125 0.54375 0.01953125 0.025
0 0.028125 0.51953125 0.01875 0.021875
0 0.06875 0.53046875 0.01953125 0.02578125
0 0.09609375 0.57734375 0.02265625 0.03359375
0 0.0921875 0.55859375 0.0171875 0.0265625
0 0.07578125 0.56875 0.015625 0.025
0 0.1109375 0.51015625 0.0171875 0.02734375
0 0.1265625 0.57109375 0.021875 0.03046875
0 0.12890625 0.575 0.01171875 0.03671875
0 0.13671875 0.565625 0.015625 0.0265625
0 0.1546875 0.52578125 0.01953125 0.021875
0 0.1640625 0.56796875 0.02109375 0.02265625
0 0.15234375 0.49609375 0.02265625 0.03125
0 0.1765625 0.54375 0.0171875 0.03046875
0 0.1921875 0.55625 0.02265625 0.028125
0 0.1921875 0.53359375 0.01640625 0.02578125
0 0.21328125 0.51484375 0.021875 0.0234375
0 0.22421875 0.5265625 0.015625 0.025
0 0.21953125 0.55078125 0.02109375 0.02421875
0 0.20859375 0.55390625 0.009375 0.02890625
0 0.2171875 0.490625 0.021875 0.0203125
0 0.23203125 0.51484375 0.0125 0.01875
0 0.24140625 0.515625 0.0125 0.03046875
0 0.23984375 0.55390625 0.0203125 0.0265625
0 0.25859375 0.52421875 0.0203125 0.02578125
0 0.25234375 0.496875 0.01640625 0.0203125
0 0.2359375 0.49375 0.01171875 0.0203125
0 0.284375 0.52890625 0.0203125 0.0296875
0 0.30234375 0.52890625 0.0171875 0.02734375
0 0.30625 0.50703125 0.01484375 0.01953125
0 0.29140625 0.509375 0.01796875 0.0171875
0 0.3265625 0.52890625 0.021875 0.03046875
0 0.346875 0.53203125 0.01875 0.03125
0 0.334375 0.50546875 0.02109375 0.0203125
0 0.334375 0.48671875 0.02109375 0.01484375
0 0.37890625 0.53515625 0.0171875 0.0359375
0 0.38828125 0.49453125 0.01484375 0.025
0 0.39765625 0.51015625 0.0140625 0.03046875
0 0.41875 0.52109375 0.01875 0.03203125
0 0.42734375 0.534375 0.02265625 0.02578125
0 0.41484375 0.4953125 0.01484375 0.025
0 0.365625 0.528125 0.01328125 0.0328125
0 0.39296875 0.4640625 0.02421875 0.02265625
0 0.43359375 0.49375 0.02109375 0.02265625
0 0.4375 0.5125 0.01640625 0.02265625
0 0.453125 0.51875 0.021875 0.03046875
0 0.46640625 0.49453125 0.015625 0.0203125
0 0.4609375 0.4625 0.01796875 0.0171875
0 0.4796875 0.48359375 0.0171875 0.01640625
0 0.496875 0.48203125 0.02109375 0.021875
0 0.490625 0.50078125 0.015625 0.02421875
0 0.51640625 0.4796875 0.0140625 0.02890625
0 0.52734375 0.50625 0.021875 0.02578125
0 0.48515625 0.521875 0.01484375 0.0234375
0 0.4984375 0.525 0.0203125 0.028125
0 0.515625 0.521875 0.01640625 0.02578125
0 0.54375 0.48125 0.0203125 0.02734375
0 0.54921875 0.515625 0.0171875 0.0296875
0 0.5625 0.52578125 0.02421875 0.034375
0 0.5828125 0.52734375 0.0140625 0.0359375
0 0.59609375 0.53046875 0.01796875 0.028125
0 0.60703125 0.54375 0.01875 0.0265625
0 0.6125 0.5265625 0.01640625 0.015625
0 0.596875 0.503125 0.0203125 0.0265625
0 0.6328125 0.5203125 0.02265625 0.0234375
0 0.6375 0.5375 0.021875 0.028125
0 0.6578125 0.53984375 0.02109375 0.02578125
0 0.65625 0.5140625 0.01796875 0.0203125
0 0.65546875 0.478125 0.0234375 0.025
0 0.67265625 0.490625 0.01953125 0.02265625
0 0.67109375 0.50859375 0.0109375 0.01875
0 0.6453125 0.503125 0.0125 0.01796875
0 0.69296875 0.51953125 0.0171875 0.025
0 0.69609375 0.55703125 0.01953125 0.03515625
0 0.71484375 0.55859375 0.01484375 0.0296875
0 0.7265625 0.55078125 0.01796875 0.0265625
0 0.71953125 0.48515625 0.02109375 0.025
0 0.73984375 0.50078125 0.0203125 0.025
0 0.7171875 0.515625 0.025 0.02109375
0 0.75546875 0.5453125 0.01796875 0.03828125
0 0.77421875 0.53203125 0.02109375 0.028125
0 0.7640625 0.51796875 0.0203125 0.01953125
0 0.76953125 0.58828125 0.01171875 0.01875
0 0.784375 0.5515625 0.01328125 0.02734375
0 0.76796875 0.5515625 0.01328125 0.0234375
0 0.775 0.50234375 0.01953125 0.01796875
0 0.80546875 0.50390625 0.02109375 0.0203125
0 0.7921875 0.5140625 0.0125 0.01484375
0 0.81640625 0.51796875 0.015625 0.025
0 0.80703125 0.55078125 0.025 0.025
0 0.83984375 0.49453125 0.01953125 0.0171875
0 0.83671875 0.54921875 0.0140625 0.0296875
0 0.865625 0.53046875 0.02578125 0.025
0 0.853125 0.56015625 0.01328125 0.02265625
0 0.86953125 0.54609375 0.01640625 0.01796875
0 0.871875 0.5625 0.02109375 0.01875
0 0.946875 0.571875 0.01640625 0.021875
0 0.946875 0.54375 0.015625 0.0234375
0 0.9625 0.575 0.0171875 0.02890625
0 0.9765625 0.5703125 0.01640625 0.02890625
0 0.9703125 0.53359375 0.021875 0.01875
0 0.9921875 0.52265625 0.01484375 0.01875
0 0.9875 0.5765625 0.02421875 0.021875