0 0.0109375 0.5875 0.02109375 0.0296875
0 0.0203125 0.55859375 0.01640625 0.0328125
0 0.034375 0.5578125 0.01328125 0.040625
0 0.0515625 0.55703125 0.02265625 0.0484375
0 0.0671875 0.5609375 0.01875 0.053125
0 0.0859375 0.55234375 0.02421875 0.0484375
0 0.02421875 0.5015625 0.0265625 0.0265625
0 0.01484375 0.53359375 0.02734375 0.0359375
0 0.08671875 0.51953125 0.02734375 0.02421875
0 0.10703125 0.53125 0.01875 0.03515625
0 0.10703125 0.5578125 0.0203125 0.02734375
0 0.0984375 0.49609375 0.02421875 0.0234375
0 0.128125 0.5234375 0.0234375 0.0375
0 0.14375 0.53671875 0.01875 0.0484375
0 0.16171875 0.54375 0.02421875 0.034375
0 0.1421875 0.49765625 0.02265625 0.025
0 0.13828125 0.475 0.02421875 0.0265625
0 0.12421875 0.46171875 0.0171875 0.02265625
0 0.16953125 0.45 0.02109375 0.0265625
0 0.1671875 0.475 0.02265625 0.028125
0 0.15625 0.48671875 0.0171875 0.03203125
0 0.175 0.5453125 0.01953125 0.0328125
0 0.1703125 0.52265625 0.015625 0.021875
0 0.19453125 0.53828125 0.02265625 0.0296875
0 0.18515625 0.5140625 0.0203125 0.03046875
0 0.20390625 0.51640625 0.015625 0.02578125
0 0.2171875 0.503125 0.01796875 0.0265625
0 0.23046875 0.5421875 0.021875 0.04140625
0 0.24765625 0.534375 0.02109375 0.02890625
0 0.25625 0.48828125 0.01953125 0.03125
0 0.27890625 0.54296875 0.02109375 0.02578125
0 0.35078125 0.54765625 0.02109375 0.03359375
0 0.365625 0.53984375 0.021875 0.046875
0 0.38125 0.546875 0.01484375 0.0453125
0 0.3765625 0.51875 0.01796875 0.028125
0 0.365625 0.48671875 0.021875 0.02578125
0 0.340625 0.51171875 0.01328125 0.0328125
0 0.3390625 0.47265625 0.01953125 0.0265625
0 0.3203125 0.5421875 0.0125 0.02578125
0 0.33359375 0.5375 0.01640625 0.025
0 0.29609375 0.49765625 0.01875 0.03046875
0 0.27265625 0.5046875 0.015625 0.0375
0 0.3828125 0.46875 0.02265625 0.02890625
0 0.3671875 0.46484375 0.021875 0.0296875
0 0.4109375 0.49453125 0.01640625 0.0234375
0 0.40859375 0.46796875 0.02109375 0.0296875
0 0.43046875 0.47265625 0.01875 0.0265625
0 0.4453125 0.45625 0.01796875 0.01875
0 0.43203125 0.43828125 0.01953125 0.03046875
0 0.41953125 0.5265625 0.015625 0.03203125
0 0.428125 0.55703125 0.02109375 0.034375
0 0.4359375 0.58828125 0.0125 0.01953125
0 0.43203125 0.540625 0.01640625 0.03671875
0 0.4484375 0.5453125 0.01484375 0.034375
0 0.46875 0.55078125 0.01875 0.01953125
0 0.46328125 0.5328125 0.0140625 0.021875
0 0.48046875 0.53671875 0.02109375 0.028125
0 0.47578125 0.48984375 0.0140625 0.01484375
0 0.4421875 0.5234375 0.01953125 0.0265625
0 0.52265625 0.540625 0.0140625 0.03203125
0 0.534375 0.53515625 0.01640625 0.0296875
0 0.528125 0.50859375 0.01640625 0.028125
0 0.51484375 0.51171875 0.02578125 0.0265625
0 0.51640625 0.48671875 0.01796875 0.025
0 0.5015625 0.47109375 0.01640625 0.02890625
0 0.53359375 0.43359375 0.01953125 0.02578125
0 0.5484375 0.45234375 0.01875 0.03046875
0 0.5578125 0.44765625 0.01328125 0.02421875
0 0.56796875 0.4359375 0.0203125 0.0296875
0 0.5875 0.4453125 0.01875 0.03046875
0 0.5546875 0.40703125 0.01796875 0.0265625
0 0.5546875 0.48984375 0.02265625 0.0421875
0 0.5609375 0.5171875 0.0203125 0.025
0 0.58125 0.503125 0.01484375 0.0328125
0 0.59140625 0.4734375 0.02109375 0.028125
0 0.59765625 0.5546875 0.0203125 0.02890625
0 0.609375 0.54140625 0.0234375 0.0375
0 0.63046875 0.53359375 0.0140625 0.02265625
0 0.64296875 0.51875 0.0171875 0.03046875
0 0.61328125 0.49609375 0.01953125 0.03046875
0 0.6171875 0.47421875 0.01953125 0.03671875
0 0.6296875 0.4875 0.01796875 0.02734375
0 0.65 0.45625 0.01796875 0.04296875
0 0.61171875 0.4421875 0.01796875 0.0265625
0 0.64921875 0.41484375 0.01875 0.0265625
0 0.67109375 0.44375 0.0234375 0.0296875
0 0.6734375 0.515625 0.01875 0.0296875
0 0.68203125 0.5421875 0.01484375 0.03125
0 0.67890625 0.4984375 0.0171875 0.02578125
0 0.68828125 0.45546875 0.025 0.0296875
0 0.69453125 0.475 0.01875 0.02578125
0 0.71796875 0.50703125 0.01796875 0.034375
0 0.70703125 0.5015625 0.0171875 0.0203125
0 0.71015625 0.4640625 0.01953125 0.03125
0 0.72109375 0.44921875 0.015625 0.03046875
0 0.70859375 0.4125 0.0203125 0.0234375
0 0.6953125 0.38125 0.021875 0.028125
0 0.734375 0.45546875 0.01953125 0.02109375
0 0.74296875 0.4390625 0.021875 0.028125
0 0.75390625 0.41484375 0.01953125 0.02578125
0 0.7671875 0.43359375 0.02109375 0.028125
0 0.75703125 0.4578125 0.01953125 0.02890625
0 0.76640625 0.47734375 0.021875 0.0265625
0 0.728125 0.47421875 0.02265625 0.02734375
0 0.74765625 0.50078125 0.02421875 0.034375
0 0.771875 0.5 0.0140625 0.025
0 0.79140625 0.490625 0.02265625 0.034375
0 0.78203125 0.4484375 0.01171875 0.01796875
0 0.8046875 0.465625 0.02109375 0.02734375
0 0.828125 0.50859375 0.0265625 0.03671875
0 0.80625 0.503125 0.01484375 0.02890625
0 0.8046875 0.43515625 0.01640625 0.0234375
0 0.81875 0.40234375 0.02734375 0.03125
0 0.83046875 0.42734375 0.02109375 0.01796875
0 0.84765625 0.46953125 0.02109375 0.02578125
0 0.840625 0.49453125 0.01640625 0.0234375
0 0.8265625 0.4765625 0.01875 0.0265625
0 0.85625 0.5015625 0.01484375 0.03125
0 0.8671875 0.48828125 0.01640625 0.0234375
0 0.8765625 0.50703125 0.01875 0.03125
0 0.859375 0.4328125 0.01875 0.02578125
0 0.8734375 0.4125 0.01640625 0.0265625
0 0.88984375 0.4015625 0.02109375 0.02890625
0 0.86640625 0.36796875 0.01953125 0.03203125
0 0.88359375 0.48203125 0.01328125 0.01796875
0 0.88984375 0.46171875 0.01953125 0.0265625
0 0.896875 0.50703125 0.0203125 0.0453125
0 0.9109375 0.49765625 0.01484375 0.0171875
0 0.91171875 0.47578125 0.02109375 0.02421875
0 0.93203125 0.47734375 0.0171875 0.02890625
0 0.92890625 0.515625 0.0203125 0.02890625
0 0.91640625 0.50546875 0.01484375 0.028125
0 0.9484375 0.496875 0.0203125 0.028125
0 0.95625 0.51875 0.01953125 0.0265625
0 0.965625 0.50546875 0.01484375 0.03984375
0 0.98515625 0.509375 0.02109375 0.0390625
0 0.953125 0.47109375 0.0171875 0.0265625
0 0.97265625 0.478125 0.0203125 0.025
0 0.98828125 0.48359375 0.01875 0.0234375
0 0.99296875 0.46875 0.01328125 0.0171875
0 0.9625 0.4359375 0.0203125 0.0296875
0 0.946875 0.4046875 0.02109375 0.0328125
0 0.9140625 0.4015625 0.01640625 0.0296875