0 0.02734375 0.5546875 0.021875 0.01640625
0 0.015625 0.56484375 0.02421875 0.02265625
0 0.03359375 0.51171875 0.0203125 0.0265625
0 0.02109375 0.4921875 0.01484375 0.02734375
0 0.00625 0.4828125 0.0125 0.02265625
0 0.02734375 0.475 0.025 0.015625
0 0.06640625 0.49921875 0.01875 0.03125
0 0.0734375 0.484375 0.01875 0.01875
0 0.08828125 0.50234375 0.0203125 0.034375
0 0.1 0.4890625 0.01328125 0.0296875
0 0.11015625 0.50546875 0.01796875 0.01796875
0 0.13671875 0.50546875 0.025 0.025
0 0.15234375 0.5015625 0.01328125 0.01875
0 0.16875 0.50234375 0.01953125 0.0140625
0 0.15078125 0.48203125 0.0125 0.01640625
0 0.1359375 0.48203125 0.01953125 0.015625
0 0.1359375 0.4640625 0.01875 0.0140625
0 0.18984375 0.50546875 0.01171875 0.03671875
0 0.190625 0.47421875 0.01640625 0.02578125
0 0.2078125 0.4890625 0.021875 0.02734375
0 0.21328125 0.4671875 0.01484375 0.0171875
0 0.1703125 0.49140625 0.01484375 0.015625
0 0.2234375 0.49296875 0.021875 0.025
0 0.23046875 0.45234375 0.0234375 0.02578125
0 0.2484375 0.46796875 0.0125 0.028125
0 0.24296875 0.49609375 0.01640625 0.0234375
0 0.26015625 0.46328125 0.01953125 0.02109375
0 0.28203125 0.48203125 0.01640625 0.025
0 0.31328125 0.471875 0.0171875 0.01796875
0 0.32421875 0.48671875 0.01171875 0.01875
0 0.3125 0.44921875 0.015625 0.01953125
0 0.325 0.4625 0.01796875 0.015625
0 0.3390625 0.45625 0.02421875 0.02265625
0 0.3421875 0.47734375 0.01171875 0.02578125
0 0.3640625 0.475 0.0234375 0.03984375
0 0.3796875 0.48671875 0.01796875 0.0296875
0 0.3953125 0.47421875 0.01875 0.02421875
0 0.378125 0.453125 0.02109375 0.02109375
0 0.39921875 0.45546875 0.01875 0.01953125
0 0.4015625 0.43984375 0.02109375 0.02109375
0 0.43046875 0.45078125 0.01796875 0.015625
0 0.46953125 0.45390625 0.0203125 0.02265625
0 0.47109375 0.48359375 0.02265625 0.0234375
0 0.48203125 0.4671875 0.01171875 0.0203125
0 0.44375 0.48125 0.01484375 0.025
0 0.421875 0.49921875 0.02109375 0.028125
0 0.415625 0.47578125 0.01875 0.015625
0 0.43671875 0.43828125 0.0203125 0.01484375
0 0.50703125 0.4625 0.0171875 0.0234375
0 0.5234375 0.46328125 0.0171875 0.0171875
0 0.52421875 0.4765625 0.01953125 0.01875
0 0.53671875 0.4859375 0.0171875 0.0234375
0 0.5078125 0.48515625 0.01796875 0.0171875
0 0.5 0.5046875 0.0140625 0.01875
0 0.56640625 0.475 0.02421875 0.0234375
0 0.56171875 0.49921875 0.02109375 0.01484375
0 0.55546875 0.45546875 0.01484375 0.02109375
0 0.565625 0.44375 0.01796875 0.03359375
0 0.575 0.45390625 0.01484375 0.01640625
0 0.59375 0.46484375 0.0203125 0.01640625
0 0.61953125 0.4625 0.01796875 0.021875
0 0.6265625 0.48125 0.01640625 0.0234375
0 0.64296875 0.47265625 0.01875 0.025
0 0.63828125 0.490625 0.0203125 0.01796875
0 0.6375 0.4484375 0.01796875 0.01484375
0 0.6609375 0.49375 0.0171875 0.03046875
0 0.66953125 0.49140625 0.01640625 0.02421875
0 0.65859375 0.440625 0.01953125 0.02109375
0 0.68828125 0.45234375 0.02109375 0.0203125
0 0.6921875 0.48515625 0.01328125 0.02265625
0 0.7171875 0.45546875 0.02265625 0.0171875
0 0.71484375 0.48359375 0.01875 0.0203125
0 0.71171875 0.503125 0.01328125 0.01796875
0 0.7171875 0.46796875 0.0234375 0.0140625
0 0.73828125 0.484375 0.025 0.01796875
0 0.74609375 0.50625 0.01796875 0.015625
0 0.74921875 0.48125 0.015625 0.01875
0 0.7734375 0.465625 0.021875 0.0203125
0 0.75859375 0.4734375 0.015625 0.01953125
0 0.7640625 0.48828125 0.0125 0.01875
0 0.76953125 0.51015625 0.01484375 0.0203125
0 0.76171875 0.50390625 0.015625 0.021875
0 0.78828125 0.5140625 0.01796875 0.0234375
0 0.7828125 0.5 0.015625 0.015625
0 0.775 0.4796875 0.015625 0.015625
0 0.81015625 0.5140625 0.01796875 0.0203125
0 0.8375 0.49140625 0.021875 0.021875
0 0.834375 0.52265625 0.0203125 0.03828125
0 0.8578125 0.5390625 0.0234375 0.01953125
0 0.87578125 0.48203125 0.025 0.01875
0 0.87421875 0.4984375 0.025 0.01640625
0 0.8890625 0.521875 0.01328125 0.0265625
0 0.9015625 0.515625 0.0125 0.03125
0 0.91171875 0.50234375 0.0171875 0.02109375
0 0.921875 0.51640625 0.01171875 0.02578125
0 0.9140625 0.5453125 0.02109375 0.03046875
0 0.89765625 0.54140625 0.0140625 0.02890625
0 0.8859375 0.546875 0.01640625 0.01640625
0 0.93203125 0.55078125 0.0171875 0.02890625
0 0.946875 0.55 0.01796875 0.028125
0 0.9609375 0.55546875 0.01796875 0.03046875
0 0.9796875 0.55 0.01796875 0.034375
0 0.93203125 0.51171875 0.0203125 0.01796875
0 0.92890625 0.48984375 0.01640625 0.02578125
0 0.95625 0.51875 0.02578125 0.021875