0 0.021875 0.60078125 0.021875 0.025
0 0.0046875 0.60234375 0.009375 0.0296875
0 0.009375 0.5734375 0.01875 0.02890625
0 0.00625 0.55234375 0.0125 0.0234375
0 0.01484375 0.5375 0.021875 0.02890625
0 0.0359375 0.57890625 0.02421875 0.0296875
0 0.07578125 0.565625 0.01796875 0.0359375
0 0.0703125 0.5671875 0.02578125 0.03125
0 0.05078125 0.53046875 0.0265625 0.03125
0 0.03671875 0.5 0.021875 0.0296875
0 0.0625 0.5140625 0.02109375 0.03046875
0 0.0921875 0.5515625 0.02109375 0.0328125
0 0.096875 0.52890625 0.01953125 0.03359375
0 0.0765625 0.5203125 0.01796875 0.03828125
0 0.07421875 0.47734375 0.02265625 0.0375
0 0.09921875 0.4890625 0.01875 0.03671875
0 0.11484375 0.5125 0.02734375 0.02890625
0 0.12109375 0.53515625 0.02578125 0.0359375
0 0.11875 0.48828125 0.0203125 0.03125
0 0.13046875 0.47109375 0.0265625 0.034375
0 0.1359375 0.52109375 0.0171875 0.03984375
0 0.1453125 0.53046875 0.0203125 0.03984375
0 0.1625 0.515625 0.0203125 0.03671875
0 0.175 0.53125 0.01484375 0.03359375
0 0.19375 0.5296875 0.0203125 0.0296875
0 0.1875 0.50390625 0.02265625 0.03359375
0 0.20546875 0.5140625 0.02265625 0.0328125
0 0.1703125 0.4578125 0.0140625 0.01796875
0 0.18828125 0.46953125 0.0203125 0.0234375
0 0.203125 0.4453125 0.0171875 0.02265625
0 0.22265625 0.47578125 0.02578125 0.034375
0 0.21484375 0.50078125 0.01953125 0.03046875
0 0.228125 0.5171875 0.0203125 0.028125
0 0.2359375 0.49296875 0.02109375 0.02890625
0 0.26015625 0.5109375 0.02265625 0.03203125
0 0.253125 0.4796875 0.0171875 0.02890625
0 0.22734375 0.45234375 0.01875 0.0234375
0 0.24921875 0.44765625 0.02890625 0.03828125
0 0.28125 0.49921875 0.015625 0.0296875
0 0.265625 0.4765625 0.01875 0.03046875
0 0.2765625 0.47109375 0.02265625 0.03125
0 0.2921875 0.475 0.01484375 0.03203125
0 0.2859375 0.44609375 0.01796875 0.034375
0 0.3046875 0.44140625 0.01953125 0.02578125
0 0.31328125 0.4625 0.02578125 0.0296875
0 0.328125 0.48046875 0.0265625 0.03203125
0 0.3125 0.50703125 0.021875 0.0328125
0 0.33515625 0.50625 0.02265625 0.03359375
0 0.346875 0.4921875 0.01640625 0.0359375
0 0.34453125 0.45625 0.02109375 0.02890625
0 0.36875 0.46015625 0.02109375 0.028125
0 0.3625 0.47578125 0.01953125 0.02109375
0 0.3671875 0.4984375 0.0234375 0.0375
0 0.3875 0.44765625 0.02421875 0.03125
0 0.38984375 0.47890625 0.0171875 0.02265625
0 0.4 0.49296875 0.0203125 0.03125
0 0.4125 0.4953125 0.01953125 0.03515625
0 0.40546875 0.43984375 0.0203125 0.02734375
0 0.4140625 0.4609375 0.02109375 0.03671875
0 0.42421875 0.50859375 0.015625 0.03203125
0 0.43359375 0.49375 0.01875 0.03203125
0 0.43984375 0.4609375 0.02265625 0.034375
0 0.4265625 0.4671875 0.015625 0.0265625
0 0.45703125 0.4671875 0.021875 0.0375
0 0.44921875 0.50859375 0.02421875 0.03828125
0 0.44140625 0.5359375 0.03359375 0.0421875
0 0.471875 0.5046875 0.01953125 0.040625
0 0.4890625 0.50390625 0.01875 0.0359375
0 0.5015625 0.5046875 0.02421875 0.03203125
0 0.48203125 0.54140625 0.021875 0.0234375
0 0.4796875 0.4578125 0.028125 0.03203125
0 0.4875 0.4453125 0.02109375 0.02421875
0 0.48046875 0.47890625 0.021875 0.02109375
0 0.5125 0.46640625 0.025 0.0296875
0 0.51796875 0.4375 0.0234375 0.0265625
0 0.5265625 0.48125 0.021875 0.02890625
0 0.5265625 0.50703125 0.02578125 0.03125
0 0.5453125 0.490625 0.02109375 0.04609375
0 0.553125 0.52578125 0.0265625 0.0328125
0 0.56640625 0.50546875 0.02421875 0.03359375
0 0.5484375 0.45390625 0.02421875 0.034375
0 0.5734375 0.471875 0.02265625 0.034375
0 0.58671875 0.48984375 0.01953125 0.0359375
0 0.58046875 0.515625 0.01328125 0.0265625
0 0.58984375 0.5265625 0.0125 0.0390625
0 0.60078125 0.51171875 0.01875 0.0421875
0 0.61796875 0.5046875 0.01875 0.0359375
0 0.62890625 0.50859375 0.0234375 0.03515625
0 0.60703125 0.48359375 0.01875 0.02734375
0 0.60703125 0.45546875 0.01015625 0.01875
0 0.6203125 0.4640625 0.021875 0.03046875
0 0.63046875 0.48203125 0.02421875 0.0265625
0 0.640625 0.49609375 0.01796875 0.03125
0 0.56953125 0.3953125 0.01875 0.02890625
0 0.63671875 0.44765625 0.01484375 0.028125
0 0.64609375 0.459375 0.0140625 0.0375
0 0.6703125 0.47890625 0.02734375 0.02578125
0 0.66328125 0.5046875 0.021875 0.0390625
0 0.69453125 0.5171875 0.0265625 0.03359375
0 0.68125 0.5078125 0.02109375 0.0421875
0 0.69609375 0.48984375 0.02109375 0.025
0 0.678125 0.4484375 0.02578125 0.04609375
0 0.7015625 0.45 0.01796875 0.021875
0 0.70859375 0.440625 0.01953125 0.0140625
0 0.72421875 0.459375 0.01640625 0.02578125
0 0.7125 0.47421875 0.025 0.0296875
0 0.72109375 0.51015625 0.01953125 0.05078125
0 0.7359375 0.49765625 0.02109375 0.03828125
0 0.7453125 0.48203125 0.0234375 0.0265625
0 0.74765625 0.453125 0.01875 0.0296875
0 0.76171875 0.509375 0.03125 0.040625
0 0.78046875 0.4984375 0.0234375 0.03125
0 0.78671875 0.51328125 0.01796875 0.02109375
0 0.80078125 0.4640625 0.02265625 0.02421875
0 0.77109375 0.44921875 0.028125 0.03203125
0 0.78359375 0.4609375 0.0296875 0.028125
0 0.81015625 0.5109375 0.02578125 0.03671875
0 0.81640625 0.484375 0.02265625 0.03203125
0 0.83203125 0.4953125 0.02109375 0.034375
0 0.84765625 0.50234375 0.02109375 0.02578125
0 0.86640625 0.5125 0.021875 0.0390625
0 0.840625 0.521875 0.02421875 0.0328125
0 0.84375 0.45390625 0.025 0.0296875
0 0.86171875 0.48359375 0.02890625 0.03046875
0 0.88984375 0.4875 0.0203125 0.0296875
0 0.88828125 0.46484375 0.02265625 0.028125
0 0.8671875 0.45234375 0.01796875 0.01875
0 0.88515625 0.50234375 0.0265625 0.0421875
0 0.90234375 0.51953125 0.01640625 0.03125
0 0.9109375 0.51015625 0.021875 0.034375
0 0.91640625 0.49921875 0.02890625 0.03515625
0 0.91171875 0.465625 0.01953125 0.02890625
0 0.93515625 0.4703125 0.02578125 0.034375
0 0.95078125 0.48828125 0.0234375 0.03125
0 0.9328125 0.49765625 0.015625 0.034375
0 0.94921875 0.5234375 0.021875 0.0375
0 0.96484375 0.4796875 0.02578125 0.0375
0 0.97421875 0.5140625 0.02578125 0.04609375
0 0.98984375 0.4828125 0.01953125 0.0359375