0 0.02578125 0.64375 0.025 0.03046875
0 0.0078125 0.6359375 0.015625 0.025
0 0.01796875 0.61171875 0.025 0.0328125
0 0.0484375 0.61796875 0.02578125 0.03359375
0 0.009375 0.540625 0.01875 0.04140625
0 0.05234375 0.590625 0.02265625 0.025
0 0.08203125 0.5984375 0.025 0.02890625
0 0.0546875 0.54296875 0.01953125 0.0296875
0 0.07265625 0.55703125 0.0234375 0.02421875
0 0.08203125 0.5375 0.0265625 0.02734375
0 0.08203125 0.5703125 0.01875 0.02421875
0 0.0890625 0.584375 0.02421875 0.03046875
0 0.10625 0.5875 0.01796875 0.03046875
0 0.10234375 0.61171875 0.0203125 0.0234375
0 0.1203125 0.553125 0.0265625 0.03046875
0 0.12578125 0.60546875 0.02578125 0.03671875
0 0.1328125 0.52421875 0.02109375 0.034375
0 0.1515625 0.57578125 0.01171875 0.021875
0 0.1640625 0.59921875 0.02421875 0.02421875
0 0.1671875 0.584375 0.01875 0.03671875
0 0.1765625 0.5828125 0.0203125 0.03671875
0 0.1546875 0.54453125 0.021875 0.0328125
0 0.16015625 0.52421875 0.02265625 0.034375
0 0.1796875 0.5140625 0.02109375 0.03125
0 0.20390625 0.5390625 0.021875 0.02734375
0 0.22421875 0.5765625 0.02421875 0.0359375
0 0.23984375 0.56640625 0.02421875 0.0328125
0 0.2546875 0.55234375 0.025 0.03515625
0 0.22421875 0.54921875 0.03046875 0.0265625
0 0.22109375 0.525 0.0140625 0.02421875
0 0.20859375 0.51171875 0.0203125 0.02578125
0 0.20703125 0.49453125 0.01796875 0.01953125
0 0.2390625 0.50078125 0.021875 0.0390625
0 0.2625 0.5109375 0.02109375 0.03515625
0 0.2671875 0.4828125 0.02421875 0.03515625
0 0.28359375 0.5234375 0.02578125 0.03515625
0 0.30234375 0.49453125 0.02265625 0.0328125
0 0.31796875 0.48203125 0.025 0.03203125
0 0.35234375 0.4859375 0.02109375 0.03984375
0 0.33125 0.54140625 0.02265625 0.046875
0 0.34765625 0.55625 0.021875 0.03828125
0 0.3625 0.53671875 0.0171875 0.0359375
0 0.4046875 0.5359375 0.0203125 0.03515625
0 0.38359375 0.55390625 0.021875 0.0234375
0 0.39765625 0.509375 0.0234375 0.0359375
0 0.41484375 0.51328125 0.0203125 0.0328125
0 0.43515625 0.5328125 0.02734375 0.03671875
0 0.45859375 0.528125 0.01796875 0.03359375
0 0.43359375 0.4984375 0.01796875 0.03359375
0 0.415625 0.46640625 0.034375 0.03828125
0 0.45078125 0.46484375 0.02109375 0.028125
0 0.4703125 0.46015625 0.02109375 0.0265625
0 0.45625 0.4921875 0.02265625 0.02890625
0 0.47109375 0.48515625 0.01640625 0.02421875
0 0.4921875 0.48984375 0.02265625 0.028125
0 0.503125 0.478125 0.02734375 0.028125
0 0.51484375 0.51796875 0.01953125 0.0328125
0 0.53125 0.490625 0.02421875 0.034375
0 0.55078125 0.4828125 0.0171875 0.025
0 0.5640625 0.4765625 0.0234375 0.028125
0 0.57109375 0.5203125 0.015625 0.02890625
0 0.58125 0.50859375 0.021875 0.03125
0 0.61953125 0.52109375 0.01953125 0.03828125
0 0.6453125 0.52890625 0.02578125 0.0390625
0 0.65859375 0.5171875 0.01875 0.03515625
0 0.6734375 0.53828125 0.01796875 0.03125
0 0.68046875 0.5234375 0.0234375 0.03203125
0 0.646875 0.475 0.02109375 0.028125
0 0.66484375 0.46796875 0.021875 0.03203125
0 0.67734375 0.48984375 0.01875 0.0390625
0 0.61171875 0.446875 0.02578125 0.025
0 0.68125 0.4234375 0.02265625 0.02421875
0 0.7140625 0.465625 0.02265625 0.02421875
0 0.70703125 0.4828125 0.025 0.02734375
0 0.69921875 0.49921875 0.015625 0.03046875
0 0.703125 0.52890625 0.0234375 0.03125
0 0.7359375 0.52890625 0.021875 0.03671875
0 0.721875 0.50859375 0.01796875 0.0265625
0 0.7375 0.46484375 0.021875 0.028125
0 0.75859375 0.50625 0.02265625 0.0296875
0 0.76875 0.53046875 0.01875 0.02578125
0 0.77265625 0.51015625 0.01796875 0.02890625
0 0.78359375 0.503125 0.0234375 0.0375
0 0.78046875 0.4609375 0.025 0.0328125
0 0.80390625 0.47109375 0.0234375 0.03359375
0 0.821875 0.53125 0.0140625 0.03203125
0 0.81171875 0.50625 0.03125 0.02265625
0 0.85390625 0.53984375 0.02421875 0.04140625
0 0.84765625 0.50859375 0.021875 0.03203125
0 0.85703125 0.46640625 0.021875 0.02890625
0 0.88125 0.51875 0.01640625 0.04375
0 0.909375 0.53046875 0.02421875 0.02890625
0 0.8890625 0.48125 0.021875 0.03359375
0 0.9203125 0.4890625 0.0234375 0.0359375
0 0.94296875 0.4875 0.021875 0.03203125
0 0.946875 0.5203125 0.01328125 0.02734375
0 0.96015625 0.47890625 0.02421875 0.0421875
0 0.98046875 0.5234375 0.0234375 0.03828125
0 0.49296875 0.5359375 0.02578125 0.03515625
0 0.13046875 0.47734375 0.028125 0.0375