0 0.02265625 0.5578125 0.02109375 0.0359375
0 0.03828125 0.5609375 0.0109375 0.0171875
0 0.0140625 0.53515625 0.021875 0.04296875
0 0.04140625 0.53515625 0.0171875 0.02734375
0 0.0578125 0.54140625 0.021875 0.03671875
0 0.07109375 0.55390625 0.02109375 0.0328125
0 0.08203125 0.54453125 0.025 0.0328125
0 0.02890625 0.50078125 0.01875 0.0359375
0 0.04609375 0.50546875 0.0234375 0.0390625
0 0.06484375 0.490625 0.01953125 0.0390625
0 0.075 0.51328125 0.0234375 0.02578125
0 0.0921875 0.5234375 0.021875 0.0359375
0 0.11171875 0.521875 0.0234375 0.03125
0 0.090625 0.48203125 0.02421875 0.0359375
0 0.06796875 0.44140625 0.02265625 0.04296875
0 0.1078125 0.4484375 0.02734375 0.0421875
0 0.11953125 0.490625 0.02734375 0.0328125
0 0.13359375 0.509375 0.02578125 0.046875
0 0.1609375 0.49921875 0.025 0.04140625
0 0.13125 0.465625 0.021875 0.0359375
0 0.1578125 0.4640625 0.03046875 0.02578125
0 0.1421875 0.440625 0.02421875 0.0328125
0 0.14609375 0.41171875 0.025 0.0328125
0 0.17421875 0.4375 0.0171875 0.0375
0 0.1796875 0.50234375 0.025 0.03984375
0 0.19609375 0.48828125 0.01953125 0.040625
0 0.1921875 0.45078125 0.02109375 0.03203125
0 0.21171875 0.4640625 0.01796875 0.0328125
0 0.2125 0.48984375 0.01953125 0.0390625
0 0.23125 0.48046875 0.02578125 0.04453125
0 0.2609375 0.50390625 0.02578125 0.03828125
0 0.29140625 0.49375 0.02890625 0.04140625
0 0.265625 0.478125 0.0296875 0.0390625
0 0.28515625 0.4734375 0.0203125 0.03671875
0 0.2609375 0.4515625 0.028125 0.0375
0 0.23984375 0.44453125 0.0265625 0.0390625
0 0.2140625 0.41875 0.01953125 0.0296875
0 0.26875 0.41953125 0.01875 0.02578125
0 0.2921875 0.43203125 0.02421875 0.03828125
0 0.328125 0.409375 0.0265625 0.04375
0 0.353125 0.42109375 0.0203125 0.03203125
0 0.34296875 0.478125 0.034375 0.0453125
0 0.36484375 0.4703125 0.01953125 0.034375
0 0.37265625 0.44609375 0.01875 0.0359375
0 0.35078125 0.44921875 0.028125 0.03671875
0 0.3921875 0.4796875 0.0203125 0.040625
0 0.4109375 0.4796875 0.01640625 0.04296875
0 0.421875 0.496875 0.02109375 0.04375
0 0.446875 0.48203125 0.025 0.034375
0 0.42421875 0.44921875 0.02265625 0.034375
0 0.3890625 0.43984375 0.02734375 0.04140625
0 0.378125 0.38828125 0.02109375 0.04765625
0 0.40703125 0.41015625 0.02421875 0.04375
0 0.41953125 0.42578125 0.021875 0.0375
0 0.428125 0.38515625 0.02109375 0.0375
0 0.4453125 0.4171875 0.0265625 0.0359375
0 0.45390625 0.43203125 0.028125 0.0359375
0 0.45703125 0.459375 0.02578125 0.04296875
0 0.47421875 0.47890625 0.02734375 0.0296875
0 0.47890625 0.44765625 0.0234375 0.0390625
0 0.48671875 0.42578125 0.0296875 0.0296875
0 0.50546875 0.4515625 0.02265625 0.03515625
0 0.51796875 0.4796875 0.025 0.04453125
0 0.5375 0.49296875 0.025 0.03125
0 0.53359375 0.4671875 0.02265625 0.034375
0 0.52109375 0.43046875 0.02265625 0.034375
0 0.5515625 0.4484375 0.02265625 0.03125
0 0.54375 0.42734375 0.02265625 0.03203125
0 0.5703125 0.49140625 0.02109375 0.03515625
0 0.57734375 0.46875 0.021875 0.03828125
0 0.5953125 0.4890625 0.02734375 0.02734375
0 0.61953125 0.5140625 0.03125 0.03828125
0 0.61328125 0.46796875 0.02890625 0.03515625
0 0.6328125 0.47265625 0.0203125 0.0328125
0 0.6046875 0.43359375 0.02421875 0.0375
0 0.64296875 0.44140625 0.015625 0.0265625
0 0.671875 0.4078125 0.02578125 0.03515625
0 0.68671875 0.48203125 0.02421875 0.03046875
0 0.6984375 0.503125 0.01796875 0.0359375
0 0.678125 0.453125 0.028125 0.03828125
0 0.7046875 0.44765625 0.0171875 0.03125
0 0.72578125 0.44921875 0.02109375 0.03828125
0 0.74609375 0.42734375 0.025 0.03984375
0 0.72890625 0.4953125 0.02421875 0.03359375
0 0.75 0.49609375 0.02578125 0.0359375
0 0.7140625 0.50625 0.015625 0.0296875
0 0.7515625 0.52734375 0.0265625 0.0375
0 0.78515625 0.5453125 0.02265625 0.02890625
0 0.78359375 0.51328125 0.02578125 0.0421875
0 0.80546875 0.49765625 0.03046875 0.0390625
0 0.8078125 0.546875 0.02109375 0.040625
0 0.8203125 0.5484375 0.0109375 0.02578125
0 0.8359375 0.55859375 0.01796875 0.03046875
0 0.8453125 0.5625 0.01875 0.03984375
0 0.8359375 0.53046875 0.02109375 0.0296875
0 0.84296875 0.4984375 0.0203125 0.03359375
0 0.8578125 0.521875 0.01953125 0.0296875
0 0.875 0.52265625 0.02109375 0.034375
0 0.884375 0.5390625 0.0203125 0.02734375
0 0.865625 0.57734375 0.01875 0.03359375
0 0.8765625 0.60078125 0.021875 0.03671875
0 0.89296875 0.59140625 0.01484375 0.03828125
0 0.915625 0.60078125 0.02734375 0.0390625
0 0.94609375 0.55234375 0.028125 0.0375
0 0.93125 0.57109375 0.0171875 0.0359375
0 0.93046875 0.61796875 0.02578125 0.0359375
0 0.94375 0.59453125 0.02578125 0.03984375
0 0.96171875 0.6078125 0.02578125 0.03671875
0 0.97265625 0.57890625 0.0296875 0.0328125
0 0.98515625 0.60390625 0.025 0.0484375
0 0.98671875 0.5421875 0.025 0.04921875