0 0.02734375 0.55 0.02421875 0.0390625
0 0.02734375 0.5171875 0.025 0.02265625
0 0.05234375 0.53515625 0.02578125 0.0328125
0 0.04609375 0.55390625 0.0234375 0.03125
0 0.06875 0.52890625 0.01953125 0.03203125
0 0.07265625 0.47890625 0.025 0.0296875
0 0.090625 0.51640625 0.03359375 0.0453125
0 0.1203125 0.48515625 0.02421875 0.0375
0 0.11796875 0.5359375 0.01640625 0.0359375
0 0.1 0.54453125 0.01640625 0.03984375
0 0.13828125 0.475 0.02578125 0.03125
0 0.12734375 0.51640625 0.02265625 0.0328125
0 0.1328125 0.5453125 0.015625 0.021875
0 0.14140625 0.5328125 0.01875 0.02890625
0 0.171875 0.52890625 0.028125 0.03359375
0 0.15859375 0.4734375 0.015625 0.0296875
0 0.17890625 0.503125 0.034375 0.02734375
0 0.19453125 0.52109375 0.021875 0.02734375
0 0.2015625 0.46328125 0.0234375 0.03828125
0 0.18125 0.4578125 0.0203125 0.02890625
0 0.2078125 0.5015625 0.01328125 0.0296875
0 0.22578125 0.465625 0.02109375 0.03203125
0 0.2234375 0.52421875 0.02265625 0.02890625
0 0.23984375 0.54296875 0.0234375 0.02734375
0 0.24375 0.5171875 0.021875 0.03125
0 0.2390625 0.48671875 0.02265625 0.03203125
0 0.2515625 0.46640625 0.028125 0.02890625
0 0.26796875 0.49765625 0.02265625 0.03671875
0 0.278125 0.48203125 0.021875 0.0359375
0 0.28828125 0.44375 0.02578125 0.03203125
0 0.31640625 0.45078125 0.02578125 0.03125
0 0.290625 0.5 0.01328125 0.02734375
0 0.3078125 0.49375 0.025 0.0578125
0 0.33515625 0.4984375 0.01796875 0.02890625
0 0.33671875 0.47421875 0.0234375 0.0296875
0 0.35234375 0.46875 0.02421875 0.0390625
0 0.36953125 0.5015625 0.0203125 0.034375
0 0.3890625 0.509375 0.0203125 0.03671875
0 0.39765625 0.5015625 0.02734375 0.04140625
0 0.3875 0.4703125 0.01796875 0.028125
0 0.4015625 0.44609375 0.025 0.025
0 0.41015625 0.47109375 0.02578125 0.03046875
0 0.41875 0.51171875 0.02109375 0.0359375
0 0.4296875 0.48671875 0.02265625 0.03359375
0 0.4265625 0.4375 0.01875 0.03515625
0 0.44375 0.44140625 0.021875 0.0390625
0 0.4453125 0.50703125 0.02109375 0.03828125
0 0.46640625 0.50625 0.02109375 0.0375
0 0.45 0.47734375 0.0234375 0.03125
0 0.4734375 0.48203125 0.0203125 0.03359375
0 0.4765625 0.43359375 0.02578125 0.03515625
0 0.4859375 0.47109375 0.02578125 0.03203125
0 0.4875 0.50546875 0.021875 0.02890625
0 0.51171875 0.50625 0.02265625 0.025
0 0.50859375 0.47734375 0.02734375 0.03671875
0 0.52109375 0.4390625 0.025 0.028125
0 0.509375 0.4546875 0.02578125 0.02109375
0 0.55078125 0.4234375 0.021875 0.0296875
0 0.553125 0.46953125 0.0234375 0.0375
0 0.565625 0.4953125 0.028125 0.02734375
0 0.58046875 0.45859375 0.02109375 0.03359375
0 0.58203125 0.48984375 0.0171875 0.03984375
0 0.596875 0.4859375 0.0171875 0.040625
0 0.609375 0.50703125 0.01796875 0.03046875
0 0.615625 0.48046875 0.02109375 0.03359375
0 0.60234375 0.4484375 0.02109375 0.03671875
0 0.62421875 0.509375 0.01484375 0.02578125
0 0.6296875 0.46875 0.0234375 0.02734375
0 0.640625 0.440625 0.02734375 0.03046875
0 0.65390625 0.47890625 0.01953125 0.02734375
0 0.67109375 0.509375 0.01953125 0.0265625
0 0.709375 0.51171875 0.01875 0.03359375
0 0.72265625 0.5375 0.02421875 0.02890625
0 0.740625 0.5296875 0.02265625 0.03984375
0 0.73828125 0.45546875 0.0234375 0.03046875
0 0.728125 0.4703125 0.02265625 0.0296875
0 0.7953125 0.46953125 0.021875 0.03203125
0 0.771875 0.49453125 0.0125 0.0265625
0 0.8125 0.496875 0.02421875 0.03125
0 0.853125 0.54296875 0.02578125 0.0234375
0 0.92421875 0.5453125 0.0234375 0.0328125
0 0.93203125 0.50703125 0.02578125 0.02734375
0 0.93984375 0.53125 0.02578125 0.03515625
0 0.959375 0.5359375 0.01953125 0.0328125
0 0.97265625 0.52109375 0.0203125 0.0265625
0 0.975 0.49296875 0.0265625 0.03359375
0 0.70234375 0.459375 0.0234375 0.0265625
0 0.83203125 0.49921875 0.01484375 0.02890625
0 0.98515625 0.53359375 0.01484375 0.02734375