0 0.0078125 0.7 0.015625 0.028125
0 0.0125 0.6765625 0.025 0.03203125
0 0.02578125 0.67265625 0.0203125 0.0390625
0 0.0171875 0.615625 0.01640625 0.03125
0 0.009375 0.64140625 0.01875 0.0375
0 0.015625 0.58984375 0.02109375 0.02890625
0 0.04296875 0.571875 0.02265625 0.028125
0 0.03671875 0.59765625 0.0234375 0.0453125
0 0.04921875 0.63046875 0.01875 0.04296875
0 0.06875 0.5890625 0.01875 0.0265625
0 0.084375 0.59921875 0.02421875 0.02890625
0 0.0984375 0.62578125 0.02734375 0.0421875
0 0.12578125 0.6078125 0.021875 0.034375
0 0.11015625 0.60078125 0.01953125 0.03125
0 0.10234375 0.58203125 0.021875 0.03125
0 0.109375 0.54765625 0.01875 0.0375
0 0.1234375 0.55625 0.0234375 0.03984375
0 0.1375 0.5796875 0.02734375 0.04140625
0 0.13359375 0.5328125 0.02265625 0.0296875
0 0.16015625 0.5515625 0.021875 0.03203125
0 0.184375 0.5640625 0.025 0.04453125
0 0.19765625 0.5734375 0.01796875 0.03671875
0 0.1953125 0.53828125 0.021875 0.0296875
0 0.21015625 0.5484375 0.01953125 0.040625
0 0.215625 0.51484375 0.025 0.03203125
0 0.23671875 0.525 0.02578125 0.0375
0 0.25078125 0.5421875 0.01953125 0.034375
0 0.20859375 0.47578125 0.025 0.04140625
0 0.1859375 0.49140625 0.01328125 0.02578125
0 0.26640625 0.528125 0.02265625 0.0421875
0 0.275 0.5171875 0.021875 0.03984375
0 0.278125 0.47421875 0.0265625 0.034375
0 0.30546875 0.4984375 0.0234375 0.0375
0 0.2953125 0.475 0.021875 0.03203125
0 0.321875 0.50625 0.01953125 0.03515625
0 0.31484375 0.4546875 0.028125 0.02734375
0 0.33359375 0.471875 0.02109375 0.0296875
0 0.34375 0.43671875 0.02109375 0.0296875
0 0.35859375 0.5 0.025 0.03203125
0 0.3609375 0.484375 0.0265625 0.0328125
0 0.38359375 0.490625 0.025 0.034375
0 0.36953125 0.46171875 0.01875 0.0359375
0 0.38984375 0.4703125 0.025 0.0328125
0 0.41171875 0.475 0.0171875 0.04375
0 0.396875 0.41875 0.0265625 0.03671875
0 0.41640625 0.4453125 0.025 0.04296875
0 0.4375 0.48125 0.02109375 0.03984375
0 0.440625 0.46328125 0.01875 0.03671875
0 0.45390625 0.46484375 0.0203125 0.03671875
0 0.47109375 0.48046875 0.0234375 0.03359375
0 0.4359375 0.4171875 0.021875 0.03125
0 0.4609375 0.4359375 0.02421875 0.0328125
0 0.4625 0.41328125 0.0234375 0.0203125
0 0.4875 0.4171875 0.0234375 0.02109375
0 0.51328125 0.41171875 0.0265625 0.03125
0 0.49609375 0.45625 0.01875 0.0359375
0 0.51875 0.46015625 0.02578125 0.0484375
0 0.5359375 0.45078125 0.01953125 0.034375
0 0.553125 0.475 0.02421875 0.03671875
0 0.559375 0.4515625 0.028125 0.03046875
0 0.5796875 0.47109375 0.02578125 0.03984375
0 0.5390625 0.4203125 0.02265625 0.02421875
0 0.55546875 0.40234375 0.01796875 0.0296875
0 0.5765625 0.4390625 0.015625 0.0296875
0 0.575 0.396875 0.025 0.0296875
0 0.6046875 0.40625 0.021875 0.02265625
0 0.59609375 0.42890625 0.02578125 0.03203125
0 0.6046875 0.4515625 0.02265625 0.040625
0 0.60078125 0.4828125 0.015625 0.02890625
0 0.62265625 0.48125 0.03515625 0.0453125
0 0.62734375 0.4484375 0.02109375 0.03828125
0 0.64375 0.46328125 0.01875 0.040625
0 0.64453125 0.41015625 0.021875 0.0265625
0 0.66171875 0.45234375 0.021875 0.03046875
0 0.67421875 0.47734375 0.02421875 0.03828125
0 0.68046875 0.4453125 0.01953125 0.0375
0 0.66640625 0.41796875 0.02578125 0.034375
0 0.69375 0.4125 0.0265625 0.02890625
0 0.69765625 0.4609375 0.02578125 0.0390625
0 0.71015625 0.43984375 0.02421875 0.02734375
0 0.72109375 0.46171875 0.025 0.0359375
0 0.71953125 0.41875 0.021875 0.02265625
0 0.73125 0.4375 0.02109375 0.03984375
0 0.746875 0.44375 0.0234375 0.03984375
0 0.7546875 0.4703125 0.0265625 0.04375
0 0.775 0.46015625 0.021875 0.0421875
0 0.79375 0.45859375 0.025 0.0421875
0 0.78828125 0.41328125 0.025 0.02421875
0 0.8109375 0.4046875 0.02734375 0.03671875
0 0.83125 0.3828125 0.028125 0.03671875
0 0.8375 0.453125 0.021875 0.03984375
0 0.85625 0.4640625 0.02109375 0.03046875
0 0.84609375 0.4296875 0.01953125 0.02265625
0 0.85859375 0.41171875 0.01875 0.0265625
0 0.8703125 0.44609375 0.0203125 0.0421875
0 0.88046875 0.39375 0.021875 0.03046875
0 0.8953125 0.45078125 0.0265625 0.04609375
0 0.9125 0.4703125 0.03046875 0.0375
0 0.9046875 0.41171875 0.01875 0.03359375
0 0.91484375 0.44140625 0.0203125 0.0296875
0 0.9578125 0.45859375 0.02421875 0.040625
0 0.96796875 0.434375 0.021875 0.03203125
0 0.98984375 0.43828125 0.0203125 0.0296875
0 0.94375 0.390625 0.02734375 0.03125
0 0.9375 0.42109375 0.02265625 0.028125
0 0.7203125 0.39140625 0.01484375 0.01328125
0 0.55234375 0.384375 0.01640625 0.015625