0 0.0234375 0.7203125 0.02890625 0.03515625
0 0.00703125 0.71484375 0.0140625 0.0296875
0 0.04765625 0.70078125 0.025 0.02890625
0 0.0109375 0.67734375 0.021875 0.0234375
0 0.02265625 0.690625 0.02421875 0.028125
0 0.025 0.665625 0.034375 0.02890625
0 0.01875 0.6421875 0.01796875 0.028125
0 0.03515625 0.64765625 0.01328125 0.021875
0 0.06171875 0.67421875 0.01640625 0.03125
0 0.08125 0.6734375 0.021875 0.0296875
0 0.06953125 0.69296875 0.01875 0.015625
0 0.0453125 0.62734375 0.0171875 0.0234375
0 0.06484375 0.60859375 0.01953125 0.028125
0 0.0734375 0.55234375 0.0234375 0.025
0 0.084375 0.60390625 0.01875 0.02578125
0 0.07890625 0.64609375 0.0203125 0.02265625
0 0.09375 0.65234375 0.0203125 0.02890625
0 0.10390625 0.640625 0.0140625 0.025
0 0.1125 0.62265625 0.015625 0.03515625
0 0.08203125 0.628125 0.0109375 0.01484375
0 0.09375 0.62265625 0.0171875 0.02265625
0 0.1328125 0.63203125 0.015625 0.0328125
0 0.1375 0.653125 0.015625 0.0171875
0 0.1515625 0.646875 0.021875 0.04375
0 0.1671875 0.64375 0.01484375 0.021875
0 0.12578125 0.58203125 0.01796875 0.0234375
0 0.1328125 0.6015625 0.0109375 0.0140625
0 0.15234375 0.5828125 0.02265625 0.0296875
0 0.1796875 0.6140625 0.0234375 0.0265625
0 0.1796875 0.634375 0.01953125 0.0203125
0 0.171875 0.58515625 0.0125 0.01875
0 0.1625 0.55859375 0.02421875 0.02890625
0 0.18984375 0.571875 0.0203125 0.02265625
0 0.196875 0.5484375 0.021875 0.03125
0 0.18359375 0.59140625 0.01171875 0.01796875
0 0.20390625 0.6171875 0.0171875 0.02421875
0 0.1953125 0.62734375 0.01328125 0.0140625
0 0.215625 0.6015625 0.0171875 0.0203125
0 0.22578125 0.5828125 0.01953125 0.02421875
0 0.22734375 0.553125 0.01484375 0.01953125
0 0.2421875 0.53671875 0.0203125 0.03125
0 0.23984375 0.5734375 0.01796875 0.028125
0 0.24921875 0.57109375 0.01640625 0.02890625
0 0.2625 0.590625 0.015625 0.0203125
0 0.26953125 0.57265625 0.0203125 0.03046875
0 0.28828125 0.58046875 0.015625 0.028125
0 0.2828125 0.59453125 0.0234375 0.0203125
0 0.2609375 0.540625 0.0140625 0.02578125
0 0.2796875 0.53671875 0.01328125 0.025
0 0.290625 0.5578125 0.0234375 0.03046875
0 0.30703125 0.5703125 0.01875 0.03203125
0 0.33359375 0.58125 0.01328125 0.0234375
0 0.328125 0.559375 0.0171875 0.028125
0 0.30546875 0.5265625 0.02578125 0.025
0 0.3109375 0.54609375 0.021875 0.02578125
0 0.32890625 0.52265625 0.01875 0.0265625
0 0.34453125 0.56796875 0.01796875 0.03515625
0 0.353125 0.546875 0.0140625 0.02265625
0 0.3703125 0.55625 0.01796875 0.03828125
0 0.3890625 0.55703125 0.0109375 0.0203125
0 0.3984375 0.55 0.0125 0.025
0 0.38046875 0.53046875 0.021875 0.02734375
0 0.359375 0.53515625 0.01484375 0.01796875
0 0.35390625 0.50234375 0.0234375 0.03125
0 0.3890625 0.48046875 0.01875 0.02421875
0 0.3234375 0.48125 0.01875 0.02421875
0 0.38671875 0.50859375 0.0234375 0.025
0 0.4125 0.521875 0.0171875 0.015625
0 0.42734375 0.51875 0.02109375 0.025
0 0.4265625 0.47890625 0.02578125 0.03046875
0 0.43515625 0.55859375 0.0234375 0.03046875
0 0.4140625 0.5640625 0.02578125 0.03203125
0 0.4171875 0.54453125 0.01875 0.034375
0 0.43359375 0.53203125 0.0234375 0.025
0 0.45703125 0.54609375 0.01484375 0.03671875
0 0.44296875 0.49296875 0.01640625 0.028125
0 0.4515625 0.5015625 0.0140625 0.0265625
0 0.46953125 0.4921875 0.021875 0.028125
0 0.47890625 0.53359375 0.01875 0.02265625
0 0.47734375 0.5609375 0.02265625 0.028125
0 0.503125 0.55859375 0.02265625 0.02890625
0 0.49453125 0.46875 0.0234375 0.0296875
0 0.5203125 0.47890625 0.021875 0.03671875
0 0.5234375 0.51328125 0.02578125 0.0390625
0 0.51328125 0.534375 0.015625 0.02421875
0 0.521875 0.5375 0.0125 0.03046875
0 0.55390625 0.48828125 0.01640625 0.0375
0 0.56953125 0.49375 0.01875 0.0296875
0 0.5765625 0.54921875 0.0203125 0.0375
0 0.54921875 0.5640625 0.028125 0.0296875
0 0.59296875 0.54609375 0.0234375 0.028125
0 0.58515625 0.52734375 0.0171875 0.02421875
0 0.60703125 0.5265625 0.02109375 0.02578125
0 0.6171875 0.52734375 0.01484375 0.034375
0 0.62421875 0.55390625 0.01640625 0.02578125
0 0.64140625 0.55234375 0.02265625 0.03203125
0 0.66015625 0.54609375 0.03046875 0.0546875
0 0.659375 0.54375 0.0140625 0.01640625
0 0.63515625 0.52578125 0.0125 0.02265625
0 0.63984375 0.5 0.021875 0.02421875
0 0.6328125 0.46484375 0.01328125 0.015625
0 0.6765625 0.4796875 0.02578125 0.03203125
0 0.69921875 0.47578125 0.01328125 0.02578125
0 0.7078125 0.471875 0.01328125 0.02109375
0 0.72265625 0.48515625 0.02265625 0.02578125
0 0.6703125 0.52265625 0.01875 0.025
0 0.6921875 0.5328125 0.01875 0.03125
0 0.68828125 0.55703125 0.021875 0.02890625
0 0.71171875 0.56484375 0.0140625 0.02890625
0 0.7109375 0.58359375 0.0125 0.0203125
0 0.7296875 0.5671875 0.01484375 0.02734375
0 0.7453125 0.58046875 0.01640625 0.03515625
0 0.75234375 0.5328125 0.01875 0.025
0 0.74765625 0.5515625 0.01484375 0.021875
0 0.7265625 0.503125 0.02265625 0.02578125
0 0.7703125 0.5328125 0.02109375 0.02890625
0 0.78046875 0.54609375 0.01953125 0.0375
0 0.76953125 0.4984375 0.0234375 0.0265625
0 0.78203125 0.48125 0.02578125 0.0203125
0 0.80859375 0.5015625 0.021875 0.0296875
0 0.803125 0.528125 0.02265625 0.02109375
0 0.82421875 0.57734375 0.0328125 0.05703125
0 0.83359375 0.5046875 0.01484375 0.0265625
0 0.8625 0.5125 0.01875 0.0203125
0 0.85078125 0.48515625 0.01875 0.028125
0 0.8234375 0.53046875 0.01484375 0.01953125
0 0.86796875 0.5421875 0.0234375 0.03359375
0 0.87890625 0.55390625 0.01171875 0.01875
0 0.88359375 0.53515625 0.01875 0.03125
0 0.8953125 0.50859375 0.01953125 0.02421875
0 0.87734375 0.58359375 0.0140625 0.02734375
0 0.88828125 0.59296875 0.01484375 0.03125
0 0.9203125 0.57109375 0.015625 0.02578125
0 0.91015625 0.55546875 0.02265625 0.03125
0 0.93828125 0.5765625 0.01875 0.02734375
0 0.92578125 0.53984375 0.01953125 0.02890625
0 0.95390625 0.5609375 0.02265625 0.03125
0 0.9796875 0.46796875 0.0234375 0.03515625
0 0.98359375 0.55625 0.01875 0.02421875
0 0.97421875 0.5671875 0.0109375 0.015625
0 0.98203125 0.59453125 0.01953125 0.0390625
0 0.99375 0.58203125 0.0125 0.025
0 0.89296875 0.5703125 0.0203125 0.028125
0 0.90390625 0.58984375 0.01875 0.0234375
0 0.80390625 0.5734375 0.01640625 0.03828125
0 0.803125 0.54375 0.015625 0.0234375