0 0.0078125 0.49609375 0.015625 0.0265625
0 0.0234375 0.484375 0.0203125 0.02578125
0 0.04375 0.49375 0.0171875 0.025
0 0.05859375 0.47265625 0.02421875 0.028125
0 0.06953125 0.49375 0.01875 0.0265625
0 0.090625 0.5 0.01875 0.03125
0 0.10625 0.5203125 0.02265625 0.021875
0 0.103125 0.4921875 0.0203125 0.034375
0 0.084375 0.46015625 0.025 0.0234375
0 0.01171875 0.45390625 0.0234375 0.0203125
0 0.040625 0.4671875 0.01796875 0.0171875
0 0.03046875 0.50546875 0.02578125 0.02421875
0 0.09453125 0.4265625 0.01640625 0.021875
0 0.10546875 0.4484375 0.015625 0.0203125
0 0.11328125 0.45625 0.01953125 0.0375
0 0.13125 0.48125 0.0265625 0.03203125
0 0.1609375 0.47890625 0.028125 0.02421875
0 0.1578125 0.45234375 0.0296875 0.0234375
0 0.13515625 0.43984375 0.02265625 0.02109375
0 0.1640625 0.42421875 0.0296875 0.0171875
0 0.1625 0.4359375 0.0171875 0.01796875
0 0.20625 0.4890625 0.01953125 0.02734375
0 0.18515625 0.4515625 0.01953125 0.034375
0 0.2296875 0.49609375 0.02421875 0.03203125
0 0.225 0.47578125 0.0234375 0.01796875
0 0.24375 0.48125 0.01640625 0.025
0 0.25234375 0.4734375 0.0171875 0.02421875
0 0.23984375 0.46171875 0.02265625 0.02265625
0 0.2328125 0.44453125 0.01953125 0.021875
0 0.25078125 0.44140625 0.02109375 0.02578125
0 0.265625 0.43984375 0.01640625 0.028125
0 0.2734375 0.46796875 0.01875 0.0203125
0 0.2734375 0.4875 0.02109375 0.0296875
0 0.2625 0.51015625 0.02109375 0.02265625
0 0.29296875 0.46015625 0.0234375 0.03203125
0 0.3109375 0.42578125 0.02421875 0.0296875
0 0.328125 0.4609375 0.02265625 0.0234375
0 0.3140625 0.48203125 0.02109375 0.03046875
0 0.3359375 0.484375 0.0125 0.0234375
0 0.359375 0.48515625 0.02109375 0.0203125
0 0.3546875 0.47265625 0.01953125 0.021875
0 0.35 0.44609375 0.015625 0.0390625
0 0.33125 0.43125 0.01484375 0.0203125
0 0.3671875 0.44765625 0.0203125 0.028125
0 0.3796875 0.46484375 0.01328125 0.0234375
0 0.41015625 0.446875 0.0234375 0.02421875
0 0.42265625 0.47265625 0.01796875 0.04140625
0 0.43515625 0.47890625 0.021875 0.03828125
0 0.44921875 0.4796875 0.01484375 0.04375
0 0.45703125 0.48828125 0.0171875 0.0328125
0 0.48203125 0.4921875 0.02109375 0.02265625
0 0.48984375 0.47265625 0.0203125 0.02421875
0 0.4765625 0.4609375 0.02421875 0.02890625
0 0.48046875 0.43359375 0.02265625 0.02421875
0 0.51953125 0.4390625 0.02265625 0.0265625
0 0.5109375 0.47734375 0.021875 0.034375
0 0.5296875 0.46796875 0.01640625 0.0265625
0 0.54609375 0.478125 0.01484375 0.03125
0 0.5265625 0.49140625 0.01640625 0.02578125
0 0.54921875 0.42734375 0.01796875 0.02578125
0 0.56171875 0.43125 0.0109375 0.0203125
0 0.55859375 0.46875 0.01953125 0.03203125
0 0.56796875 0.4875 0.0234375 0.03359375
0 0.5765625 0.44296875 0.025 0.0328125
0 0.60546875 0.42421875 0.0171875 0.0234375
0 0.62421875 0.43203125 0.01953125 0.021875
0 0.6296875 0.46796875 0.01953125 0.02109375
0 0.6265625 0.496875 0.0171875 0.03203125
0 0.640625 0.48203125 0.02109375 0.02734375
0 0.65703125 0.46953125 0.02109375 0.025
0 0.6578125 0.4921875 0.0234375 0.03046875
0 0.6671875 0.503125 0.0265625 0.02578125
0 0.63359375 0.45 0.015625 0.03203125
0 0.65625 0.42578125 0.01796875 0.02421875
0 0.67109375 0.440625 0.01953125 0.0265625
0 0.690625 0.47265625 0.028125 0.03125
0 0.68203125 0.496875 0.01484375 0.02578125
0 0.6953125 0.49921875 0.01328125 0.025
0 0.70234375 0.484375 0.01640625 0.0171875
0 0.71328125 0.49921875 0.021875 0.028125
0 0.7171875 0.49375 0.02109375 0.04140625
0 0.715625 0.51953125 0.021875 0.0265625
0 0.7265625 0.4640625 0.01484375 0.01796875
0 0.740625 0.43515625 0.01640625 0.0171875
0 0.74140625 0.51640625 0.015625 0.02734375
0 0.76171875 0.51015625 0.02109375 0.02890625
0 0.7546875 0.49453125 0.01953125 0.0359375
0 0.76015625 0.45546875 0.02890625 0.01953125
0 0.7640625 0.4375 0.02578125 0.02890625
0 0.790625 0.43828125 0.02265625 0.02421875
0 0.7796875 0.48125 0.028125 0.02890625
0 0.78046875 0.509375 0.0171875 0.0390625
0 0.79453125 0.51171875 0.0171875 0.0203125
0 0.80859375 0.49765625 0.02421875 0.02890625
0 0.81953125 0.52265625 0.025 0.028125
0 0.80390625 0.46171875 0.01953125 0.0203125
0 0.8296875 0.47421875 0.0234375 0.02421875
0 0.83671875 0.50546875 0.01875 0.04765625
0 0.8578125 0.5390625 0.03203125 0.03671875
0 0.8671875 0.5 0.03125 0.0421875
0 0.85390625 0.46640625 0.03125 0.05625
0 0.90078125 0.540625 0.02265625 0.025
0 0.92421875 0.5484375 0.021875 0.025
0 0.9234375 0.525 0.021875 0.02890625
0 0.89296875 0.509375 0.01328125 0.021875
0 0.90390625 0.49765625 0.0265625 0.0484375
0 0.93828125 0.5015625 0.021875 0.02890625
0 0.91875 0.51015625 0.01640625 0.0203125
0 0.9578125 0.50390625 0.0171875 0.03671875
0 0.946875 0.54921875 0.0203125 0.02890625
0 0.97890625 0.54453125 0.01953125 0.0296875
0 0.99140625 0.5453125 0.01640625 0.03828125
0 0.9953125 0.50078125 0.009375 0.02265625
0 0.90859375 0.45625 0.01640625 0.0265625
0 0.8890625 0.48046875 0.02265625 0.0375
0 0.15 0.496875 0.021875 0.021875