0 0.00625 0.6046875 0.0125 0.03203125
0 0.0265625 0.61171875 0.01953125 0.034375
0 0.03359375 0.59296875 0.02109375 0.03203125
0 0.046875 0.6046875 0.0125 0.02421875
0 0.0359375 0.56796875 0.02109375 0.02421875
0 0.040625 0.55390625 0.02265625 0.03203125
0 0.0625 0.5765625 0.01953125 0.02734375
0 0.06015625 0.58515625 0.02578125 0.0390625
0 0.05546875 0.52578125 0.0171875 0.02890625
0 0.07578125 0.5265625 0.025 0.03125
0 0.07265625 0.54765625 0.0203125 0.03203125
0 0.09375 0.5046875 0.01484375 0.021875
0 0.11015625 0.56171875 0.02265625 0.0359375
0 0.10078125 0.57421875 0.01484375 0.034375
0 0.1265625 0.54609375 0.01875 0.0359375
0 0.13828125 0.534375 0.0203125 0.03125
0 0.125 0.5 0.0234375 0.0375
0 0.1484375 0.51796875 0.01640625 0.0265625
0 0.1640625 0.5375 0.0171875 0.02734375
0 0.10078125 0.52265625 0.01640625 0.03203125
0 0.14453125 0.47421875 0.02265625 0.0328125
0 0.17265625 0.4640625 0.02109375 0.0296875
0 0.1734375 0.51171875 0.015625 0.02421875
0 0.1859375 0.52734375 0.0171875 0.0234375
0 0.196875 0.5453125 0.0203125 0.034375
0 0.22265625 0.5328125 0.0265625 0.0359375
0 0.1890625 0.5 0.01796875 0.028125
0 0.2046875 0.50234375 0.01484375 0.02265625
0 0.22265625 0.4953125 0.025 0.02890625
0 0.24296875 0.4890625 0.0171875 0.02734375
0 0.25546875 0.47890625 0.0171875 0.0296875
0 0.2453125 0.51875 0.0171875 0.0171875
0 0.2484375 0.53515625 0.01953125 0.028125
0 0.26875 0.52265625 0.021875 0.0296875
0 0.2875 0.53046875 0.02265625 0.0265625
0 0.259375 0.56953125 0.01484375 0.015625
0 0.27421875 0.471875 0.01796875 0.02734375
0 0.3140625 0.5203125 0.0171875 0.0296875
0 0.33515625 0.51796875 0.01796875 0.025
0 0.33125 0.48984375 0.021875 0.0265625
0 0.334375 0.4671875 0.01953125 0.0203125
0 0.315625 0.484375 0.01171875 0.02734375
0 0.30625 0.44140625 0.02109375 0.02890625
0 0.37109375 0.5109375 0.01796875 0.02265625
0 0.36796875 0.484375 0.02109375 0.0328125
0 0.38203125 0.4484375 0.02421875 0.03046875
0 0.396875 0.48046875 0.02109375 0.02734375
0 0.40078125 0.425 0.0140625 0.02421875
0 0.41015625 0.44375 0.01953125 0.03046875
0 0.42890625 0.45078125 0.01953125 0.03203125
0 0.41953125 0.471875 0.01875 0.028125
0 0.4453125 0.484375 0.01328125 0.02734375
0 0.45703125 0.4890625 0.0171875 0.028125
0 0.4734375 0.4828125 0.01171875 0.03203125
0 0.4875 0.496875 0.0203125 0.028125
0 0.46640625 0.46328125 0.01796875 0.01796875
0 0.48125 0.4578125 0.02109375 0.03203125
0 0.46171875 0.43515625 0.0171875 0.02421875
0 0.51328125 0.4859375 0.01015625 0.0234375
0 0.52109375 0.4984375 0.01875 0.0234375
0 0.52109375 0.46875 0.01484375 0.01796875
0 0.54921875 0.43828125 0.021875 0.028125
0 0.5484375 0.4796875 0.01328125 0.03359375
0 0.57109375 0.4734375 0.0203125 0.02734375
0 0.58125 0.49140625 0.0109375 0.02578125
0 0.59609375 0.490625 0.01328125 0.03671875
0 0.58984375 0.4703125 0.01796875 0.01640625
0 0.609375 0.48125 0.01953125 0.03046875
0 0.62421875 0.4921875 0.02109375 0.04140625
0 0.584375 0.44375 0.01796875 0.0359375
0 0.56875 0.4453125 0.02109375 0.02734375
0 0.6046875 0.43828125 0.0203125 0.025
0 0.60625 0.41796875 0.0109375 0.01875
0 0.63125 0.4609375 0.0171875 0.0328125
0 0.646875 0.47578125 0.015625 0.02734375
0 0.6390625 0.48828125 0.0171875 0.0265625
0 0.659375 0.490625 0.0203125 0.03359375
0 0.66953125 0.48125 0.0203125 0.021875
0 0.67265625 0.50078125 0.02109375 0.025
0 0.63046875 0.4296875 0.01875 0.02421875
0 0.68359375 0.46171875 0.0140625 0.02109375
0 0.70625 0.49609375 0.0109375 0.02890625
0 0.72109375 0.515625 0.01953125 0.0234375
0 0.7171875 0.49609375 0.01484375 0.0296875
0 0.7109375 0.4625 0.01484375 0.0265625
0 0.69453125 0.43046875 0.01328125 0.03046875
0 0.7421875 0.4703125 0.02421875 0.03203125
0 0.74921875 0.5078125 0.0171875 0.025
0 0.77421875 0.48203125 0.01875 0.0234375
0 0.77890625 0.465625 0.0234375 0.0265625
0 0.78671875 0.50625 0.01953125 0.02109375
0 0.80390625 0.525 0.0234375 0.0328125
0 0.80546875 0.49765625 0.02265625 0.0328125
0 0.81875 0.4875 0.02265625 0.025
0 0.85 0.5265625 0.0234375 0.025
0 0.85078125 0.5 0.0171875 0.0328125
0 0.84375 0.48359375 0.021875 0.02578125
0 0.86484375 0.5171875 0.01015625 0.021875
0 0.87265625 0.49609375 0.0140625 0.0203125
0 0.840625 0.5046875 0.0140625 0.028125
0 0.8328125 0.52421875 0.01484375 0.02265625
0 0.8859375 0.540625 0.015625 0.0234375
0 0.884375 0.51640625 0.01640625 0.0265625
0 0.90078125 0.51953125 0.021875 0.025
0 0.90625 0.54375 0.01953125 0.0296875
0 0.91484375 0.49921875 0.0171875 0.02734375
0 0.91875 0.534375 0.01796875 0.03515625
0 0.9578125 0.46796875 0.01796875 0.028125
0 0.98125 0.46640625 0.0234375 0.02578125
0 0.96484375 0.48984375 0.0203125 0.021875
0 0.971875 0.52265625 0.021875 0.034375