0 0.01171875 0.62421875 0.02265625 0.03515625
0 0.025 0.61015625 0.02578125 0.03125
0 0.025 0.5890625 0.02421875 0.034375
0 0.01484375 0.53515625 0.0296875 0.0421875
0 0.03984375 0.5859375 0.015625 0.025
0 0.06015625 0.59921875 0.03515625 0.0453125
0 0.08515625 0.59609375 0.02109375 0.03203125
0 0.06875 0.578125 0.0265625 0.028125
0 0.0765625 0.55625 0.0265625 0.0421875
0 0.09765625 0.56953125 0.02109375 0.03515625
0 0.13359375 0.5796875 0.02421875 0.028125
0 0.1328125 0.54453125 0.01953125 0.03125
0 0.11796875 0.5421875 0.0171875 0.02890625
0 0.13046875 0.51328125 0.0234375 0.03359375
0 0.14921875 0.54609375 0.025 0.0328125
0 0.1578125 0.5671875 0.02421875 0.02890625
0 0.17734375 0.56015625 0.02578125 0.0390625
0 0.196875 0.6234375 0.02421875 0.03984375
0 0.1671875 0.5359375 0.02265625 0.02890625
0 0.18984375 0.53984375 0.021875 0.0359375
0 0.19921875 0.553125 0.02109375 0.02890625
0 0.19609375 0.484375 0.02265625 0.02890625
0 0.2140625 0.5 0.02421875 0.03203125
0 0.22578125 0.47734375 0.0265625 0.03671875
0 0.240625 0.50703125 0.0203125 0.0296875
0 0.2328125 0.53359375 0.02421875 0.0484375
0 0.21484375 0.54765625 0.02265625 0.03671875
0 0.259375 0.51015625 0.01875 0.0328125
0 0.2765625 0.5453125 0.0265625 0.0328125
0 0.28203125 0.51484375 0.0296875 0.03671875
0 0.28515625 0.4875 0.02265625 0.03046875
0 0.30390625 0.51171875 0.01796875 0.046875
0 0.3265625 0.5109375 0.0234375 0.02890625
0 0.34375 0.53203125 0.03046875 0.0296875
0 0.35078125 0.50546875 0.0234375 0.03125
0 0.3328125 0.4890625 0.0171875 0.0296875
0 0.3546875 0.47734375 0.02578125 0.034375
0 0.3828125 0.4828125 0.02421875 0.025
0 0.36640625 0.50859375 0.01328125 0.0265625
0 0.371875 0.53515625 0.01640625 0.02734375
0 0.3859375 0.51953125 0.0265625 0.028125
0 0.40859375 0.503125 0.02578125 0.02578125
0 0.4125 0.4796875 0.03046875 0.03203125
0 0.41015625 0.53046875 0.0265625 0.03671875
0 0.421875 0.54765625 0.01328125 0.025
0 0.4359375 0.53671875 0.0203125 0.034375
0 0.44609375 0.51640625 0.028125 0.03125
0 0.4375 0.49765625 0.01875 0.02109375
0 0.45546875 0.496875 0.01875 0.02890625
0 0.44140625 0.46171875 0.025 0.0265625
0 0.48125 0.47734375 0.02421875 0.0328125
0 0.48203125 0.53203125 0.0203125 0.03046875
0 0.46875 0.52578125 0.01484375 0.0296875
0 0.4921875 0.50703125 0.02421875 0.0359375
0 0.50390625 0.52578125 0.0171875 0.0234375
0 0.521875 0.5140625 0.01953125 0.03046875
0 0.5390625 0.5203125 0.0203125 0.03203125
0 0.56171875 0.52890625 0.0234375 0.03828125
0 0.52890625 0.48671875 0.02421875 0.021875
0 0.55703125 0.49140625 0.02265625 0.025
0 0.53828125 0.453125 0.0234375 0.034375
0 0.578125 0.475 0.021875 0.0265625
0 0.6109375 0.475 0.02109375 0.021875
0 0.60390625 0.49765625 0.0234375 0.02734375
0 0.58203125 0.5234375 0.01640625 0.02734375
0 0.59296875 0.52421875 0.01953125 0.02578125
0 0.61171875 0.52109375 0.01953125 0.02734375
0 0.6234375 0.4890625 0.015625 0.0140625
0 0.628125 0.5125 0.021875 0.04140625
0 0.64140625 0.534375 0.02109375 0.025
0 0.65546875 0.51953125 0.0171875 0.0375
0 0.6421875 0.4890625 0.02265625 0.0375
0 0.6671875 0.48515625 0.021875 0.03828125
0 0.6828125 0.4671875 0.021875 0.03359375
0 0.70859375 0.45703125 0.021875 0.021875
0 0.671875 0.53359375 0.02265625 0.04453125
0 0.67890625 0.5171875 0.01953125 0.02734375
0 0.70390625 0.540625 0.02734375 0.0296875
0 0.709375 0.52578125 0.025 0.0265625
0 0.70625 0.5015625 0.02265625 0.028125
0 0.72421875 0.4921875 0.02734375 0.03125
0 0.73125 0.52265625 0.0203125 0.02890625
0 0.7421875 0.51953125 0.01796875 0.0328125
0 0.74765625 0.54765625 0.02109375 0.028125
0 0.72734375 0.5609375 0.028125 0.02578125
0 0.75703125 0.5109375 0.0203125 0.02890625
0 0.778125 0.525 0.02265625 0.03515625
0 0.78671875 0.5453125 0.01171875 0.02421875
0 0.8 0.56796875 0.0203125 0.03359375
0 0.79453125 0.51171875 0.01640625 0.03203125
0 0.78125 0.47890625 0.0265625 0.028125
0 0.78359375 0.46015625 0.021875 0.0265625
0 0.80625 0.49453125 0.021875 0.0265625
0 0.81328125 0.51171875 0.01484375 0.0203125
0 0.8078125 0.5359375 0.02265625 0.04296875
0 0.82421875 0.540625 0.0203125 0.03125
0 0.8375 0.52890625 0.02578125 0.0375
0 0.85625 0.53671875 0.01640625 0.0359375
0 0.846875 0.50703125 0.01484375 0.025
0 0.83359375 0.4890625 0.02421875 0.03125
0 0.884375 0.496875 0.0234375 0.02578125
0 0.87734375 0.534375 0.02421875 0.03515625
0 0.8703125 0.509375 0.0203125 0.02890625
0 0.89609375 0.5484375 0.02109375 0.03515625
0 0.9109375 0.5046875 0.02109375 0.02890625
0 0.91953125 0.54609375 0.0296875 0.05390625
0 0.95546875 0.4671875 0.01953125 0.02109375
0 0.98046875 0.52578125 0.02265625 0.03359375
0 0.99296875 0.5109375 0.0140625 0.0203125
0 0.97890625 0.57421875 0.01875 0.05234375
0 0.959375 0.5484375 0.01875 0.02421875
0 0.9875 0.55390625 0.01875 0.0265625
0 0.96875 0.565625 0.01875 0.01796875
0 0.95078125 0.525 0.0234375 0.0328125
0 0.9515625 0.50078125 0.028125 0.040625