0 0.00703125 0.50703125 0.01328125 0.028125
0 0.0109375 0.54140625 0.021875 0.02265625
0 0.0203125 0.58046875 0.01796875 0.0203125
0 0.0109375 0.571875 0.01484375 0.0140625
0 0.00859375 0.584375 0.0171875 0.0203125
0 0.00859375 0.55546875 0.0171875 0.015625
0 0.0328125 0.55859375 0.0203125 0.0296875
0 0.040625 0.57890625 0.01484375 0.0203125
0 0.04921875 0.5671875 0.0125 0.015625
0 0.0546875 0.5515625 0.01171875 0.015625
0 0.06875 0.5421875 0.0125 0.0265625
0 0.071875 0.55625 0.01015625 0.01484375
0 0.08203125 0.5515625 0.01171875 0.01796875
0 0.03671875 0.52421875 0.02265625 0.021875
0 0.05234375 0.5375 0.0171875 0.01875
0 0.08359375 0.5296875 0.01875 0.03203125
0 0.09765625 0.55703125 0.0171875 0.0359375
0 0.11953125 0.55625 0.025 0.034375
0 0.1015625 0.53125 0.0109375 0.0109375
0 0.09296875 0.5109375 0.01484375 0.0171875
0 0.09609375 0.4921875 0.01640625 0.01796875
0 0.128125 0.48515625 0.01875 0.01875
0 0.11015625 0.525 0.0125 0.01640625
0 0.13203125 0.51015625 0.02109375 0.01875
0 0.1421875 0.53359375 0.01875 0.0265625
0 0.1578125 0.54453125 0.01796875 0.015625
0 0.14609375 0.546875 0.01171875 0.02109375
0 0.1609375 0.5375 0.01328125 0.02109375
0 0.1640625 0.5296875 0.01484375 0.01953125
0 0.19140625 0.5078125 0.0203125 0.02421875
0 0.19609375 0.53203125 0.01875 0.0265625
0 0.18046875 0.4921875 0.0109375 0.0109375
0 0.2046875 0.478125 0.021875 0.03125
0 0.21484375 0.45078125 0.02265625 0.028125
0 0.23046875 0.46796875 0.01953125 0.025
0 0.22109375 0.5265625 0.02265625 0.02578125
0 0.24296875 0.53046875 0.01484375 0.025
0 0.23828125 0.5171875 0.01875 0.02890625
0 0.23125 0.509375 0.009375 0.01796875
0 0.2421875 0.4890625 0.02109375 0.028125
0 0.25234375 0.51328125 0.01796875 0.02890625
0 0.26171875 0.45625 0.02109375 0.02734375
0 0.25625 0.4265625 0.0203125 0.02578125
0 0.2765625 0.41484375 0.01953125 0.02578125
0 0.275 0.4890625 0.0171875 0.0265625
0 0.29453125 0.50078125 0.015625 0.03125
0 0.28671875 0.47734375 0.0140625 0.02421875
0 0.31640625 0.49375 0.0125 0.0296875
0 0.3109375 0.50234375 0.0140625 0.0265625
0 0.31484375 0.525 0.025 0.0328125
0 0.33515625 0.49296875 0.01875 0.03359375
0 0.309375 0.46171875 0.02109375 0.02734375
0 0.31796875 0.434375 0.0234375 0.02734375
0 0.33203125 0.42265625 0.01953125 0.03359375
0 0.33984375 0.45390625 0.0109375 0.0125
0 0.35234375 0.478125 0.01328125 0.02109375
0 0.3546875 0.50078125 0.0125 0.01484375
0 0.3640625 0.4859375 0.01171875 0.03046875
0 0.38046875 0.49296875 0.02421875 0.03671875
0 0.36796875 0.4609375 0.0171875 0.01796875
0 0.38515625 0.465625 0.015625 0.02734375
0 0.396875 0.4859375 0.01484375 0.025
0 0.371875 0.43828125 0.0140625 0.0234375
0 0.3609375 0.4328125 0.0140625 0.02734375
0 0.36328125 0.415625 0.021875 0.02109375
0 0.38203125 0.45078125 0.025 0.01640625
0 0.396875 0.4484375 0.01875 0.02734375
0 0.40390625 0.46640625 0.015625 0.02421875
0 0.41328125 0.48515625 0.02265625 0.02890625
0 0.409375 0.50546875 0.025 0.02734375
0 0.44453125 0.48515625 0.0109375 0.02421875
0 0.41875 0.45859375 0.015625 0.0265625
0 0.4203125 0.43515625 0.01640625 0.03046875
0 0.434375 0.4265625 0.01875 0.03125
0 0.4421875 0.45390625 0.01171875 0.021875
0 0.46328125 0.48046875 0.01640625 0.03125
0 0.45859375 0.5 0.01953125 0.0328125
0 0.47578125 0.48359375 0.0140625 0.02421875
0 0.4765625 0.45625 0.0171875 0.03203125
0 0.46796875 0.41796875 0.0171875 0.01796875
0 0.47890625 0.4109375 0.01484375 0.02109375
0 0.5046875 0.43203125 0.01484375 0.01875
0 0.509375 0.47421875 0.0125 0.03671875
0 0.52265625 0.4765625 0.01484375 0.0359375
0 0.51796875 0.440625 0.015625 0.02734375
0 0.534375 0.4453125 0.0140625 0.0375
0 0.5421875 0.4125 0.01796875 0.02421875
0 0.55 0.48125 0.01015625 0.015625
0 0.56484375 0.46875 0.0140625 0.03203125
0 0.5859375 0.4734375 0.01875 0.03203125
0 0.571875 0.47421875 0.0125 0.03203125
0 0.56875 0.4328125 0.01640625 0.02890625
0 0.5796875 0.4390625 0.00859375 0.0359375
0 0.59765625 0.44765625 0.01328125 0.01328125
0 0.59453125 0.45625 0.01484375 0.0171875
0 0.6203125 0.4796875 0.01328125 0.01328125
0 0.628125 0.48125 0.015625 0.015625
0 0.62109375 0.43828125 0.02109375 0.02265625
0 0.6375 0.43828125 0.01875 0.021875
0 0.640625 0.46328125 0.0171875 0.02421875
0 0.59375 0.4125 0.01953125 0.02109375
0 0.6234375 0.46875 0.015625 0.0203125
0 0.646875 0.4890625 0.0203125 0.0265625
0 0.6265625 0.51171875 0.0203125 0.0296875
0 0.66796875 0.509375 0.02265625 0.03203125
0 0.67890625 0.49140625 0.01484375 0.01875
0 0.70546875 0.4859375 0.02578125 0.0265625
0 0.728125 0.5296875 0.01796875 0.0203125
0 0.734375 0.48984375 0.02109375 0.02734375
0 0.74140625 0.50078125 0.01640625 0.02265625
0 0.7203125 0.4734375 0.01328125 0.021875
0 0.734375 0.46875 0.0171875 0.02578125
0 0.70078125 0.453125 0.02109375 0.02421875
0 0.73046875 0.44140625 0.01640625 0.028125
0 0.7515625 0.41875 0.0203125 0.02265625
0 0.74921875 0.4625 0.01171875 0.01640625
0 0.753125 0.45078125 0.01640625 0.01484375
0 0.7625 0.48515625 0.01953125 0.02734375
0 0.778125 0.49375 0.01328125 0.02421875
0 0.77421875 0.46640625 0.01328125 0.01875
0 0.78046875 0.44609375 0.0234375 0.021875
0 0.79375 0.4859375 0.0140625 0.0203125
0 0.79375 0.50078125 0.01484375 0.0171875
0 0.80546875 0.47734375 0.0203125 0.0328125
0 0.8203125 0.44375 0.015625 0.02578125
0 0.79453125 0.41328125 0.021875 0.02109375
0 0.8390625 0.42890625 0.02265625 0.028125
0 0.828125 0.46953125 0.01953125 0.02578125
0 0.834375 0.48828125 0.0171875 0.0234375
0 0.815625 0.50390625 0.009375 0.021875
0 0.8375 0.5125 0.01484375 0.02265625
0 0.8421875 0.52734375 0.01015625 0.01796875
0 0.85234375 0.48984375 0.01875 0.0296875
0 0.8734375 0.44921875 0.02109375 0.02265625
0 0.890625 0.45859375 0.01640625 0.021875
0 0.88359375 0.4796875 0.02265625 0.03203125
0 0.87890625 0.4984375 0.0203125 0.021875
0 0.87109375 0.41953125 0.02421875 0.02265625
0 0.90234375 0.44609375 0.0203125 0.02265625
0 0.91484375 0.4296875 0.02109375 0.03203125
0 0.909375 0.50078125 0.009375 0.01796875
0 0.90234375 0.4921875 0.0109375 0.0203125
0 0.91796875 0.49765625 0.01328125 0.028125
0 0.93515625 0.503125 0.01875 0.0296875
0 0.92578125 0.471875 0.0234375 0.02578125
0 0.94296875 0.4796875 0.01796875 0.02265625
0 0.97109375 0.4546875 0.021875 0.021875
0 0.9609375 0.4390625 0.01484375 0.0171875
0 0.9625 0.4125 0.01953125 0.02578125
0 0.984375 0.50703125 0.01640625 0.0359375
0 0.99453125 0.5140625 0.0109375 0.01796875
0 0.996875 0.4828125 0.00625 0.021875
0 0.9921875 0.484375 0.01015625 0.01953125
0 0.9265625 0.509375 0.025 0.034375
0 0.93046875 0.4515625 0.02421875 0.0140625
0 0.84765625 0.45390625 0.01171875 0.01328125
0 0.48828125 0.48125 0.015625 0.028125
0 0.15703125 0.5015625 0.0296875 0.0265625