0 0.01484375 0.58125 0.02421875 0.0328125
0 0.04453125 0.56484375 0.02265625 0.034375
0 0.028125 0.5515625 0.0203125 0.0375
0 0.01328125 0.5296875 0.02265625 0.03671875
0 0.00703125 0.55078125 0.0140625 0.03359375
0 0.03671875 0.521875 0.01875 0.02578125
0 0.0546875 0.50546875 0.0265625 0.028125
0 0.0515625 0.53203125 0.025 0.0359375
0 0.0640625 0.55625 0.021875 0.0296875
0 0.08671875 0.55390625 0.021875 0.03359375
0 0.07109375 0.52734375 0.02421875 0.02890625
0 0.09140625 0.515625 0.02265625 0.03671875
0 0.11015625 0.5265625 0.02109375 0.0421875
0 0.12421875 0.54140625 0.01640625 0.03046875
0 0.13515625 0.5390625 0.01796875 0.0390625
0 0.121875 0.47109375 0.01953125 0.0234375
0 0.11875 0.48984375 0.02109375 0.0265625
0 0.14453125 0.5078125 0.0234375 0.04453125
0 0.1578125 0.4703125 0.02265625 0.03671875
0 0.1703125 0.4984375 0.0203125 0.028125
0 0.1796875 0.53984375 0.0234375 0.028125
0 0.1859375 0.5234375 0.01875 0.028125
0 0.18984375 0.484375 0.02890625 0.0265625
0 0.21171875 0.48046875 0.025 0.0390625
0 0.2203125 0.53515625 0.01953125 0.0484375
0 0.209375 0.53515625 0.01640625 0.03359375
0 0.2296875 0.503125 0.03046875 0.03515625
0 0.23515625 0.5296875 0.02578125 0.0359375
0 0.25703125 0.5375 0.01875 0.03671875
0 0.2859375 0.5359375 0.021875 0.0375
0 0.225 0.43125 0.02890625 0.03671875
0 0.2625 0.45234375 0.0234375 0.03515625
0 0.27734375 0.4703125 0.01875 0.040625
0 0.2609375 0.48046875 0.0234375 0.0296875
0 0.26328125 0.50859375 0.03359375 0.0375
0 0.27109375 0.52265625 0.02734375 0.03359375
0 0.30859375 0.528125 0.02109375 0.04453125
0 0.30625 0.4921875 0.02265625 0.0375
0 0.3203125 0.48359375 0.02421875 0.03671875
0 0.315625 0.4515625 0.02421875 0.034375
0 0.33828125 0.5078125 0.0265625 0.03515625
0 0.325 0.53203125 0.02421875 0.03359375
0 0.35625 0.48203125 0.021875 0.0359375
0 0.3734375 0.46015625 0.0265625 0.03359375
0 0.375 0.49765625 0.0265625 0.03125
0 0.3609375 0.5125 0.01875 0.034375
0 0.390625 0.4984375 0.01953125 0.04921875
0 0.40546875 0.5109375 0.021875 0.040625
0 0.42421875 0.5203125 0.021875 0.03828125
0 0.41015625 0.46484375 0.02890625 0.028125
0 0.434375 0.49921875 0.02265625 0.03515625
0 0.46171875 0.50078125 0.028125 0.0375
0 0.45625 0.46015625 0.025 0.03359375
0 0.48359375 0.47734375 0.0265625 0.034375
0 0.4984375 0.50390625 0.02265625 0.03359375
0 0.50703125 0.525 0.01953125 0.0296875
0 0.52890625 0.51484375 0.025 0.0359375
0 0.546875 0.53515625 0.0265625 0.03125
0 0.565625 0.5375 0.01875 0.0390625
0 0.5203125 0.4875 0.03125 0.0375
0 0.49140625 0.42734375 0.025 0.0375
0 0.54453125 0.47890625 0.02265625 0.0265625
0 0.5421875 0.5015625 0.028125 0.034375
0 0.5609375 0.50625 0.02578125 0.03359375
0 0.5890625 0.53125 0.0265625 0.0390625
0 0.61015625 0.5421875 0.021875 0.0375
0 0.5984375 0.5046875 0.025 0.0296875
0 0.6140625 0.5171875 0.021875 0.028125
0 0.57265625 0.484375 0.01875 0.03125
0 0.6078125 0.4890625 0.02578125 0.03125
0 0.61171875 0.4640625 0.03046875 0.03125
0 0.6390625 0.53671875 0.02578125 0.0421875
0 0.65234375 0.52890625 0.0234375 0.04375
0 0.65546875 0.49296875 0.0265625 0.034375
0 0.6796875 0.50703125 0.0265625 0.0375
0 0.68671875 0.48359375 0.03046875 0.03203125
0 0.70859375 0.48046875 0.03125 0.034375
0 0.703125 0.5140625 0.02734375 0.0375
0 0.696875 0.5609375 0.0234375 0.03984375
0 0.7109375 0.53984375 0.0296875 0.0390625
0 0.7375 0.53125 0.02265625 0.0328125
0 0.72578125 0.5671875 0.025 0.02890625
0 0.7375 0.56015625 0.02265625 0.0328125
0 0.75859375 0.5625 0.02265625 0.04140625
0 0.76640625 0.58359375 0.0203125 0.0296875
0 0.790625 0.58515625 0.01640625 0.03984375
0 0.80234375 0.56640625 0.025 0.03671875
0 0.8125 0.53828125 0.025 0.0265625
0 0.82421875 0.565625 0.02265625 0.034375
0 0.82109375 0.59765625 0.02109375 0.0265625
0 0.8421875 0.60234375 0.02734375 0.03359375
0 0.83203125 0.53125 0.02265625 0.028125
0 0.8546875 0.5375 0.03125 0.0359375
0 0.8625 0.5671875 0.02890625 0.02734375
0 0.89140625 0.578125 0.02421875 0.0375
0 0.87890625 0.58203125 0.02890625 0.0328125
0 0.88671875 0.62421875 0.01796875 0.034375
0 0.91171875 0.625 0.0296875 0.03828125
0 0.91875 0.5921875 0.02578125 0.02890625
0 0.8953125 0.55390625 0.0265625 0.0296875
0 0.9453125 0.58125 0.0234375 0.03203125
0 0.93671875 0.6125 0.0265625 0.03125
0 0.9328125 0.64296875 0.0203125 0.03984375
0 0.94609375 0.64296875 0.0171875 0.04140625
0 0.96171875 0.64453125 0.01953125 0.03671875
0 0.98203125 0.6453125 0.025 0.04296875
0 0.984375 0.61484375 0.02421875 0.028125
0 0.95703125 0.60859375 0.0203125 0.028125