0 0.021875 0.40390625 0.03046875 0.03984375
0 0.0125 0.34375 0.02421875 0.034375
0 0.01328125 0.384375 0.01953125 0.0328125
0 0.0421875 0.403125 0.02265625 0.03671875
0 0.05 0.3796875 0.0234375 0.0390625
0 0.05703125 0.35390625 0.025 0.034375
0 0.06796875 0.40390625 0.0265625 0.05
0 0.11015625 0.36640625 0.01953125 0.046875
0 0.1203125 0.40390625 0.025 0.04140625
0 0.08984375 0.39921875 0.021875 0.0453125
0 0.12890625 0.35546875 0.02109375 0.0265625
0 0.1515625 0.37109375 0.02109375 0.0359375
0 0.1375 0.40703125 0.01953125 0.03984375
0 0.184375 0.35703125 0.01953125 0.02890625
0 0.22578125 0.40546875 0.03125 0.04375
0 0.24296875 0.37890625 0.01796875 0.03828125
0 0.2546875 0.35859375 0.0203125 0.03671875
0 0.271875 0.3953125 0.01953125 0.03359375
0 0.27734375 0.45 0.025 0.0328125
0 0.2875 0.36484375 0.0171875 0.03359375
0 0.31484375 0.42109375 0.02890625 0.03203125
0 0.32890625 0.40703125 0.0265625 0.0421875
0 0.2953125 0.39609375 0.02578125 0.03515625
0 0.265625 0.425 0.01953125 0.03515625
0 0.35 0.3984375 0.025 0.040625
0 0.37265625 0.40546875 0.03125 0.059375
0 0.3859375 0.41015625 0.0234375 0.0328125
0 0.39921875 0.434375 0.02421875 0.034375
0 0.4 0.40625 0.025 0.0390625
0 0.42265625 0.38515625 0.01640625 0.0265625
0 0.4390625 0.37890625 0.02578125 0.03046875
0 0.4359375 0.41171875 0.02578125 0.0359375
0 0.41953125 0.42734375 0.01953125 0.03125
0 0.44140625 0.446875 0.02109375 0.03203125
0 0.46015625 0.4171875 0.02109375 0.03515625
0 0.47890625 0.45546875 0.025 0.03515625
0 0.49453125 0.43203125 0.02109375 0.03515625
0 0.48359375 0.41015625 0.02265625 0.03046875
0 0.50703125 0.38828125 0.02421875 0.025
0 0.5171875 0.4203125 0.0234375 0.03828125
0 0.50625 0.44765625 0.02109375 0.034375
0 0.53046875 0.44375 0.0265625 0.040625
0 0.54296875 0.46640625 0.021875 0.025
0 0.5578125 0.45546875 0.01875 0.0328125
0 0.55 0.4140625 0.01953125 0.03125
0 0.5640625 0.4109375 0.01953125 0.0296875
0 0.57890625 0.46015625 0.02109375 0.03125
0 0.5921875 0.4625 0.0140625 0.028125
0 0.6046875 0.45859375 0.01953125 0.0359375
0 0.62734375 0.46328125 0.01953125 0.03515625
0 0.60703125 0.41796875 0.02109375 0.03046875
0 0.61796875 0.40625 0.0265625 0.0296875
0 0.59375 0.4046875 0.021875 0.01953125
0 0.6359375 0.44375 0.021875 0.03203125
0 0.64765625 0.4671875 0.0171875 0.04140625
0 0.665625 0.47421875 0.01875 0.03359375
0 0.68359375 0.48046875 0.0171875 0.03359375
0 0.64296875 0.41328125 0.01640625 0.025
0 0.659375 0.4296875 0.01796875 0.02734375
0 0.67578125 0.41875 0.0203125 0.02578125
0 0.69453125 0.44375 0.0171875 0.03515625
0 0.70390625 0.47890625 0.021875 0.03125
0 0.728125 0.44140625 0.02421875 0.028125
0 0.72734375 0.47109375 0.01875 0.02890625
0 0.74296875 0.48515625 0.01484375 0.04140625
0 0.7390625 0.41484375 0.02890625 0.03671875
0 0.7140625 0.40859375 0.02265625 0.02578125
0 0.7578125 0.46875 0.02265625 0.03359375
0 0.77421875 0.46640625 0.01640625 0.03359375
0 0.79921875 0.45703125 0.02109375 0.034375
0 0.8125 0.503125 0.01640625 0.0390625
0 0.79453125 0.509375 0.0234375 0.04453125
0 0.81640625 0.465625 0.01875 0.0296875
0 0.8375 0.478125 0.0234375 0.0296875
0 0.84296875 0.44609375 0.02578125 0.03203125
0 0.86171875 0.46875 0.021875 0.034375
0 0.8453125 0.496875 0.02265625 0.0234375
0 0.84921875 0.571875 0.01875 0.025
0 0.8828125 0.51875 0.0234375 0.0375
0 0.89765625 0.4734375 0.021875 0.03203125
0 0.8953125 0.55 0.02109375 0.03671875
0 0.90703125 0.53984375 0.01953125 0.03671875
0 0.92578125 0.54140625 0.02109375 0.03359375
0 0.9375 0.52734375 0.02265625 0.0359375
0 0.959375 0.5515625 0.02421875 0.03359375
0 0.93828125 0.49921875 0.01953125 0.0296875
0 0.9625 0.5234375 0.0203125 0.03359375
0 0.98359375 0.5234375 0.01953125 0.02734375
0 0.97734375 0.5484375 0.01875 0.02890625
0 0.9890625 0.56171875 0.01875 0.0359375