0 0.01171875 0.6765625 0.0203125 0.034375
0 0.02890625 0.67265625 0.021875 0.0359375
0 0.02890625 0.64609375 0.0203125 0.03046875
0 0.009375 0.63984375 0.01875 0.03125
0 0.0421875 0.6359375 0.021875 0.034375
0 0.0578125 0.63515625 0.02578125 0.03515625
0 0.025 0.59609375 0.02109375 0.0328125
0 0.01953125 0.62109375 0.01640625 0.01796875
0 0.00546875 0.6078125 0.01015625 0.02890625
0 0.0421875 0.5765625 0.021875 0.0359375
0 0.04609375 0.603125 0.02265625 0.0296875
0 0.05546875 0.58984375 0.01953125 0.0328125
0 0.0703125 0.61015625 0.02578125 0.03203125
0 0.07421875 0.565625 0.02578125 0.02578125
0 0.08515625 0.6328125 0.0203125 0.04375
0 0.10078125 0.6296875 0.01796875 0.04375
0 0.11640625 0.62890625 0.025 0.03671875
0 0.115625 0.59453125 0.021875 0.03125
0 0.12890625 0.5890625 0.02265625 0.0328125
0 0.14609375 0.6109375 0.0234375 0.0390625
0 0.16015625 0.596875 0.0171875 0.04296875
0 0.18125 0.58046875 0.02265625 0.0296875
0 0.15703125 0.55546875 0.02265625 0.03359375
0 0.1734375 0.565625 0.01796875 0.040625
0 0.1859375 0.553125 0.02109375 0.03515625
0 0.12421875 0.509375 0.0265625 0.03046875
0 0.1765625 0.51640625 0.0171875 0.0296875
0 0.2171875 0.565625 0.0171875 0.03125
0 0.228125 0.54609375 0.01953125 0.0328125
0 0.1984375 0.5328125 0.021875 0.034375
0 0.21640625 0.534375 0.0140625 0.0265625
0 0.17578125 0.46640625 0.015625 0.03828125
0 0.2078125 0.48984375 0.021875 0.0296875
0 0.240625 0.51015625 0.02890625 0.03828125
0 0.24296875 0.54453125 0.0234375 0.0328125
0 0.25625 0.5484375 0.0140625 0.028125
0 0.26875 0.534375 0.02265625 0.03671875
0 0.28359375 0.5484375 0.01953125 0.03515625
0 0.309375 0.55078125 0.02421875 0.0328125
0 0.29375 0.5328125 0.02421875 0.02890625
0 0.26328125 0.4984375 0.015625 0.03203125
0 0.2859375 0.4953125 0.02109375 0.0296875
0 0.30546875 0.5125 0.02421875 0.0296875
0 0.32734375 0.54140625 0.01953125 0.0375
0 0.346875 0.5390625 0.025 0.028125
0 0.31328125 0.48828125 0.02421875 0.03203125
0 0.32265625 0.4703125 0.01796875 0.02890625
0 0.34921875 0.4765625 0.02265625 0.02890625
0 0.35234375 0.51640625 0.02265625 0.034375
0 0.378125 0.53125 0.025 0.034375
0 0.39140625 0.53046875 0.01953125 0.02890625
0 0.3703125 0.48359375 0.01875 0.034375
0 0.3890625 0.46484375 0.0171875 0.028125
0 0.3859375 0.50859375 0.028125 0.0265625
0 0.4078125 0.546875 0.02578125 0.034375
0 0.4140625 0.52265625 0.025 0.03828125
0 0.41875 0.49140625 0.02265625 0.0359375
0 0.434375 0.5015625 0.02109375 0.0265625
0 0.4328125 0.525 0.0171875 0.0296875
0 0.4484375 0.53125 0.01875 0.0359375
0 0.4546875 0.5078125 0.0171875 0.02734375
0 0.45 0.4796875 0.02421875 0.028125
0 0.471875 0.4796875 0.01875 0.028125
0 0.4875 0.4859375 0.021875 0.025
0 0.46953125 0.45078125 0.01796875 0.0234375
0 0.490625 0.515625 0.021875 0.034375
0 0.478125 0.52734375 0.01875 0.03125
0 0.50703125 0.525 0.02265625 0.02890625
0 0.509375 0.503125 0.02578125 0.0328125
0 0.515625 0.4796875 0.02421875 0.03046875
0 0.5171875 0.45 0.0265625 0.034375
0 0.490625 0.4 0.021875 0.02734375
0 0.5171875 0.38203125 0.0234375 0.0265625
0 0.54453125 0.47890625 0.021875 0.0265625
0 0.56484375 0.46640625 0.02109375 0.025
0 0.5828125 0.46484375 0.02734375 0.028125
0 0.54453125 0.45546875 0.0125 0.01640625
0 0.54296875 0.50703125 0.02265625 0.02421875
0 0.53125 0.5203125 0.01953125 0.03515625
0 0.534375 0.54453125 0.025 0.02734375
0 0.56328125 0.53203125 0.02265625 0.03828125
0 0.565625 0.5015625 0.0265625 0.03515625
0 0.58984375 0.5375 0.021875 0.02890625
0 0.61015625 0.53515625 0.021875 0.02578125
0 0.584375 0.51953125 0.02578125 0.03671875
0 0.60078125 0.49921875 0.01875 0.02578125
0 0.61953125 0.51484375 0.02734375 0.034375
0 0.61171875 0.484375 0.0171875 0.021875
0 0.62578125 0.4734375 0.0203125 0.03359375
0 0.6328125 0.465625 0.0140625 0.028125
0 0.64140625 0.5265625 0.021875 0.034375
0 0.6578125 0.5234375 0.02265625 0.03984375
0 0.66328125 0.49140625 0.02265625 0.0296875
0 0.6421875 0.4921875 0.0203125 0.02890625
0 0.65078125 0.459375 0.0234375 0.02265625
0 0.6640625 0.47109375 0.021875 0.0171875
0 0.68671875 0.49453125 0.01953125 0.03125
0 0.68046875 0.53046875 0.01875 0.0296875
0 0.69921875 0.52421875 0.02265625 0.0421875
0 0.71953125 0.53125 0.01796875 0.02890625
0 0.71015625 0.50390625 0.025 0.0328125
0 0.70859375 0.4578125 0.02421875 0.03203125
0 0.69453125 0.478125 0.0234375 0.03515625
0 0.740625 0.48671875 0.0234375 0.02890625
0 0.7375 0.5265625 0.025 0.03671875
0 0.75078125 0.53671875 0.0140625 0.03203125
0 0.76328125 0.5484375 0.02109375 0.03203125
0 0.765625 0.52421875 0.02109375 0.02109375
0 0.75546875 0.50625 0.02109375 0.02734375
0 0.778125 0.54765625 0.0140625 0.02890625
0 0.78515625 0.56015625 0.021875 0.03125
0 0.80234375 0.55234375 0.01640625 0.028125
0 0.78828125 0.52890625 0.02265625 0.02578125
0 0.784375 0.503125 0.0265625 0.0328125
0 0.7890625 0.46640625 0.02109375 0.02421875
0 0.8171875 0.49765625 0.01640625 0.0265625
0 0.81171875 0.528125 0.02109375 0.034375
0 0.83671875 0.50546875 0.01875 0.0375
0 0.84921875 0.49296875 0.02109375 0.03515625
0 0.81640625 0.55546875 0.01875 0.03125
0 0.83671875 0.53828125 0.02421875 0.03046875
0 0.84296875 0.5609375 0.02109375 0.025
0 0.859375 0.534375 0.01796875 0.02578125
0 0.871875 0.5609375 0.0203125 0.0359375
0 0.87890625 0.5484375 0.0203125 0.03046875
0 0.87265625 0.5015625 0.01875 0.03359375
0 0.88359375 0.53046875 0.02265625 0.02109375
0 0.89296875 0.5109375 0.0203125 0.03046875
0 0.91640625 0.5015625 0.0265625 0.0203125
0 0.9125 0.52109375 0.0203125 0.02421875
0 0.90703125 0.55703125 0.0203125 0.028125
0 0.91953125 0.5640625 0.02265625 0.02109375
0 0.9203125 0.5421875 0.01640625 0.028125
0 0.9328125 0.53515625 0.02265625 0.0296875
0 0.94296875 0.559375 0.02421875 0.0375
0 0.965625 0.56015625 0.021875 0.03671875
0 0.953125 0.52109375 0.02109375 0.0296875
0 0.97734375 0.540625 0.02578125 0.034375
0 0.9921875 0.56796875 0.015625 0.03671875
0 0.975 0.50703125 0.02109375 0.02578125
0 0.9578125 0.6 0.01328125 0.0265625