0 0.01953125 0.41953125 0.02265625 0.0359375
0 0.0515625 0.35234375 0.02109375 0.01796875
0 0.17109375 0.3328125 0.01953125 0.02109375
0 0.03203125 0.35546875 0.015625 0.01953125
0 0.009375 0.3625 0.01484375 0.0296875
0 0.028125 0.37265625 0.01328125 0.021875
0 0.0359375 0.4203125 0.01796875 0.03515625
0 0.05703125 0.415625 0.02109375 0.03359375
0 0.078125 0.415625 0.021875 0.03515625
0 0.08046875 0.38671875 0.021875 0.02265625
0 0.08515625 0.3375 0.0203125 0.0234375
0 0.1171875 0.39296875 0.01328125 0.03125
0 0.1046875 0.39453125 0.01328125 0.0328125
0 0.0421875 0.3859375 0.01953125 0.0375
0 0.0921875 0.36796875 0.01875 0.01328125
0 0.15234375 0.3953125 0.021875 0.03984375
0 0.1328125 0.37890625 0.01171875 0.01328125
0 0.1703125 0.39921875 0.01796875 0.02890625
0 0.1625 0.35234375 0.02109375 0.01484375
0 0.18671875 0.36015625 0.0203125 0.01875
0 0.1984375 0.3484375 0.01796875 0.01484375
0 0.19453125 0.38515625 0.01953125 0.025
0 0.1671875 0.3671875 0.01875 0.01328125
0 0.21328125 0.39609375 0.01484375 0.0359375
0 0.21171875 0.36953125 0.01875 0.01328125
0 0.2375 0.40703125 0.021875 0.0296875
0 0.27734375 0.36484375 0.0203125 0.01640625
0 0.3 0.4015625 0.01796875 0.03203125
0 0.27734375 0.3984375 0.02421875 0.03515625
0 0.290625 0.3421875 0.021875 0.0140625
0 0.29921875 0.3546875 0.025 0.0171875
0 0.35078125 0.41953125 0.0265625 0.028125
0 0.36796875 0.36171875 0.02109375 0.01484375
0 0.3265625 0.37578125 0.021875 0.015625
0 0.3453125 0.39375 0.01015625 0.01640625
0 0.36328125 0.39375 0.0140625 0.0125
0 0.3703125 0.37734375 0.015625 0.0140625
0 0.38359375 0.3875 0.0203125 0.02734375
0 0.3921875 0.36875 0.021875 0.015625
0 0.4140625 0.3734375 0.0203125 0.0140625
0 0.43828125 0.38046875 0.0234375 0.01328125
0 0.40703125 0.38984375 0.0140625 0.01875
0 0.41953125 0.42265625 0.01484375 0.03046875
0 0.43515625 0.43515625 0.0171875 0.0265625
0 0.4234375 0.39296875 0.01484375 0.0171875
0 0.44609375 0.41328125 0.0359375 0.03203125
0 0.48125 0.39921875 0.021875 0.028125
0 0.4734375 0.43046875 0.01484375 0.03203125
0 0.4796875 0.44921875 0.01171875 0.0140625
0 0.4890625 0.42578125 0.01484375 0.0265625
0 0.53203125 0.4140625 0.0234375 0.02421875
0 0.52578125 0.43671875 0.0203125 0.03046875
0 0.5296875 0.45859375 0.01953125 0.03125
0 0.55390625 0.43828125 0.02109375 0.02265625
0 0.55 0.4609375 0.02421875 0.0234375
0 0.553125 0.4828125 0.0171875 0.03359375
0 0.596875 0.4078125 0.01796875 0.0296875
0 0.52734375 0.3921875 0.02109375 0.0171875
0 0.571875 0.48046875 0.0140625 0.028125
0 0.5625 0.496875 0.01640625 0.03125
0 0.58046875 0.4984375 0.01875 0.03203125
0 0.58359375 0.46640625 0.0203125 0.03203125
0 0.59765625 0.48359375 0.01640625 0.028125
0 0.6078125 0.50625 0.01875 0.03515625
0 0.64921875 0.44375 0.01953125 0.03046875
0 0.63203125 0.52734375 0.01953125 0.02578125
0 0.69765625 0.39140625 0.021875 0.02890625
0 0.68984375 0.4828125 0.01953125 0.02578125
0 0.69140625 0.53203125 0.0125 0.03046875
0 0.71015625 0.5484375 0.01953125 0.03984375
0 0.753125 0.49765625 0.02734375 0.0265625
0 0.746875 0.52109375 0.021875 0.028125
0 0.73125 0.53046875 0.01875 0.02421875
0 0.734375 0.4921875 0.02109375 0.01796875
0 0.72421875 0.4984375 0.02421875 0.028125
0 0.7265625 0.5640625 0.0171875 0.03359375
0 0.7453125 0.57890625 0.0265625 0.05078125
0 0.76953125 0.51953125 0.02421875 0.028125
0 0.79765625 0.58203125 0.021875 0.034375
0 0.85 0.51875 0.02109375 0.028125
0 0.86015625 0.5625 0.01796875 0.0328125
0 0.8765625 0.53984375 0.01796875 0.02890625
0 0.8203125 0.59375 0.02265625 0.03359375
0 0.79296875 0.60859375 0.0171875 0.02734375
0 0.82890625 0.64453125 0.02109375 0.0296875
0 0.84296875 0.65703125 0.03359375 0.0546875
0 0.86953125 0.63125 0.01640625 0.03203125
0 0.93359375 0.58046875 0.01796875 0.02578125
0 0.88671875 0.55546875 0.0203125 0.03203125
0 0.91328125 0.621875 0.01953125 0.02890625
0 0.909375 0.6515625 0.01953125 0.02421875
0 0.87109375 0.665625 0.01796875 0.0265625
0 0.88359375 0.6859375 0.01953125 0.0296875
0 0.91796875 0.6796875 0.01953125 0.0328125
0 0.9453125 0.63125 0.0171875 0.03125
0 0.95625 0.6515625 0.01796875 0.02734375
0 0.978125 0.64453125 0.02109375 0.03203125
0 0.9 0.72265625 0.01484375 0.0328125
0 0.91875 0.715625 0.0171875 0.03125
0 0.9546875 0.740625 0.01875 0.02578125
0 0.9703125 0.715625 0.01796875 0.02734375
0 0.92890625 0.67421875 0.01484375 0.0296875
0 0.90703125 0.58125 0.021875 0.025
0 0.9734375 0.75703125 0.0140625 0.015625
0 0.77890625 0.56640625 0.021875 0.02890625
0 0.81484375 0.50703125 0.01953125 0.03203125
0 0.61796875 0.4640625 0.02265625 0.0234375
0 0.3859375 0.41640625 0.0234375 0.03203125
0 0.65703125 0.40078125 0.0203125 0.03125