0 0.02578125 0.5109375 0.02265625 0.034375
0 0.00703125 0.50234375 0.0140625 0.03671875
0 0.01640625 0.47890625 0.02109375 0.03359375
0 0.01015625 0.46171875 0.01484375 0.02890625
0 0.0421875 0.5015625 0.01640625 0.03359375
0 0.05859375 0.4796875 0.01875 0.04921875
0 0.04453125 0.4578125 0.0203125 0.02578125
0 0.065625 0.44609375 0.021875 0.02890625
0 0.07421875 0.4671875 0.015625 0.03359375
0 0.08984375 0.45625 0.01953125 0.025
0 0.08671875 0.4875 0.0203125 0.0296875
0 0.07734375 0.50078125 0.02265625 0.01796875
0 0.065625 0.51640625 0.0234375 0.025
0 0.0640625 0.40625 0.021875 0.034375
0 0.08828125 0.39453125 0.01875 0.0296875
0 0.10703125 0.496875 0.0171875 0.0390625
0 0.11953125 0.50078125 0.0140625 0.0328125
0 0.13359375 0.50625 0.01328125 0.03046875
0 0.1296875 0.4796875 0.01953125 0.021875
0 0.1125 0.46484375 0.03125 0.028125
0 0.12734375 0.4375 0.021875 0.0296875
0 0.14296875 0.47265625 0.01796875 0.02734375
0 0.14921875 0.45625 0.0140625 0.02109375
0 0.1515625 0.48984375 0.0171875 0.02890625
0 0.146875 0.509375 0.0140625 0.0328125
0 0.1625 0.5125 0.00859375 0.04453125
0 0.1671875 0.51484375 0.0203125 0.02734375
0 0.1546875 0.4109375 0.0234375 0.0296875
0 0.1734375 0.3703125 0.02109375 0.028125
0 0.1734375 0.415625 0.01953125 0.02578125
0 0.1828125 0.4390625 0.0234375 0.03203125
0 0.203125 0.4015625 0.01953125 0.02890625
0 0.20390625 0.51640625 0.01015625 0.0375
0 0.20625 0.4859375 0.02109375 0.03046875
0 0.2234375 0.515625 0.02265625 0.02890625
0 0.2234375 0.49921875 0.0234375 0.021875
0 0.225 0.4765625 0.02265625 0.028125
0 0.22265625 0.4453125 0.02578125 0.034375
0 0.23828125 0.5109375 0.01484375 0.034375
0 0.25 0.5125 0.0171875 0.028125
0 0.25859375 0.50234375 0.0140625 0.03359375
0 0.271875 0.51875 0.0203125 0.0265625
0 0.2734375 0.5 0.02109375 0.02421875
0 0.26796875 0.48203125 0.021875 0.0265625
0 0.2890625 0.4625 0.01796875 0.02578125
0 0.2890625 0.4125 0.01640625 0.01875
0 0.278125 0.43828125 0.01328125 0.02890625
0 0.32734375 0.428125 0.01953125 0.02578125
0 0.315625 0.4734375 0.01484375 0.0265625
0 0.31484375 0.52421875 0.02109375 0.0265625
0 0.3140625 0.49609375 0.0171875 0.0125
0 0.23984375 0.35390625 0.0234375 0.0296875
0 0.34375 0.5328125 0.028125 0.034375
0 0.35390625 0.5078125 0.02109375 0.0359375
0 0.33203125 0.4859375 0.0140625 0.01953125
0 0.37578125 0.534375 0.0203125 0.0265625
0 0.38984375 0.52734375 0.01953125 0.03125
0 0.38359375 0.48359375 0.021875 0.0296875
0 0.35703125 0.4578125 0.01328125 0.0296875
0 0.33984375 0.49453125 0.02890625 0.0375
0 0.3546875 0.4296875 0.01875 0.02578125
0 0.390625 0.43203125 0.021875 0.02421875
0 0.3921875 0.41484375 0.02265625 0.01484375
0 0.4046875 0.46015625 0.01484375 0.01875
0 0.37265625 0.46171875 0.0125 0.0328125
0 0.4046875 0.51796875 0.01015625 0.01875
0 0.41484375 0.5484375 0.02109375 0.03125
0 0.421875 0.525 0.01796875 0.03515625
0 0.4359375 0.465625 0.01484375 0.03125
0 0.44765625 0.48828125 0.015625 0.034375
0 0.4375 0.5078125 0.0234375 0.03515625
0 0.46328125 0.50078125 0.0203125 0.03203125
0 0.4609375 0.48359375 0.02109375 0.0203125
0 0.4640625 0.44375 0.01953125 0.028125
0 0.4296875 0.43046875 0.0234375 0.03359375
0 0.45234375 0.396875 0.01484375 0.0296875
0 0.41171875 0.36171875 0.01875 0.03046875
0 0.46328125 0.57109375 0.0265625 0.0375
0 0.47265625 0.54375 0.02109375 0.0296875
0 0.4921875 0.5421875 0.01953125 0.03515625
0 0.48046875 0.5734375 0.01953125 0.03984375
0 0.49921875 0.57109375 0.025 0.034375
0 0.5171875 0.5875 0.01796875 0.02734375
0 0.53046875 0.584375 0.009375 0.01953125
0 0.521875 0.55546875 0.021875 0.0421875
0 0.503125 0.49609375 0.0171875 0.03828125
0 0.521875 0.5140625 0.01875 0.02734375
0 0.5140625 0.4484375 0.021875 0.025
0 0.5484375 0.46640625 0.02421875 0.02734375
0 0.56015625 0.48515625 0.0171875 0.028125
0 0.54296875 0.52734375 0.02109375 0.0234375
0 0.559375 0.5421875 0.01953125 0.02890625
0 0.55390625 0.5734375 0.01875 0.03828125
0 0.54140625 0.56953125 0.0109375 0.0375
0 0.57578125 0.58125 0.02265625 0.02890625
0 0.5734375 0.5578125 0.01875 0.0265625
0 0.58984375 0.571875 0.01875 0.03125
0 0.596875 0.54921875 0.015625 0.01796875
0 0.5859375 0.53203125 0.02265625 0.0328125
0 0.5734375 0.52421875 0.01875 0.03671875
0 0.59765625 0.48125 0.01328125 0.034375
0 0.6109375 0.51796875 0.01796875 0.03125
0 0.6125 0.5546875 0.02109375 0.028125
0 0.6171875 0.56640625 0.01328125 0.015625
0 0.63671875 0.57734375 0.02109375 0.03984375
0 0.6453125 0.50859375 0.02109375 0.02734375
0 0.64453125 0.54296875 0.025 0.03125
0 0.6296875 0.4671875 0.01953125 0.0296875
0 0.67421875 0.5921875 0.02578125 0.03203125
0 0.6953125 0.58359375 0.015625 0.0328125
0 0.70703125 0.51796875 0.02421875 0.02890625
0 0.71484375 0.5828125 0.01875 0.03515625
0 0.73125 0.58515625 0.0203125 0.03515625
0 0.72578125 0.5609375 0.01796875 0.02890625
0 0.73984375 0.51171875 0.02421875 0.0328125
0 0.7640625 0.5234375 0.01953125 0.02734375
0 0.7515625 0.55390625 0.02265625 0.03203125
0 0.75625 0.5796875 0.02421875 0.02890625
0 0.7765625 0.590625 0.01953125 0.03125
0 0.76875 0.56171875 0.01640625 0.0234375
0 0.803125 0.50703125 0.021875 0.028125
0 0.7796875 0.40390625 0.01796875 0.02890625
0 0.6796875 0.50390625 0.0234375 0.02578125
0 0.703125 0.45390625 0.0171875 0.03125
0 0.80234375 0.5984375 0.02265625 0.02890625
0 0.8234375 0.60234375 0.0203125 0.0328125
0 0.8 0.56640625 0.02421875 0.034375
0 0.77734375 0.51015625 0.0171875 0.0234375
0 0.8578125 0.5734375 0.0234375 0.03359375
0 0.87734375 0.58203125 0.0234375 0.03984375
0 0.8640625 0.49140625 0.02109375 0.025
0 0.878125 0.50546875 0.015625 0.021875
0 0.8875 0.51953125 0.0171875 0.02578125
0 0.89921875 0.53828125 0.021875 0.03203125
0 0.8734375 0.55859375 0.02421875 0.02890625
0 0.88359375 0.5421875 0.0140625 0.01875
0 0.903125 0.5609375 0.015625 0.0203125
0 0.9140625 0.584375 0.01875 0.0328125
0 0.928125 0.559375 0.015625 0.034375
0 0.94296875 0.5984375 0.02578125 0.0265625
0 0.94765625 0.57890625 0.021875 0.0203125
0 0.94765625 0.55390625 0.02265625 0.02890625
0 0.91796875 0.5140625 0.0203125 0.02734375
0 0.875 0.44453125 0.01796875 0.02734375
0 0.8578125 0.5015625 0.0171875 0.02421875
0 0.9578125 0.53359375 0.0109375 0.01953125
0 0.9875 0.53828125 0.025 0.0234375
0 0.9578125 0.62109375 0.01796875 0.0265625
0 0.990625 0.60390625 0.01640625 0.0328125