0 0.0109375 0.54453125 0.02109375 0.03359375
0 0.0328125 0.5328125 0.02734375 0.04296875
0 0.01171875 0.5125 0.0125 0.0234375
0 0.01015625 0.49765625 0.015625 0.02578125
0 0.04609375 0.52421875 0.02265625 0.03828125
0 0.0625 0.5484375 0.021875 0.0296875
0 0.07265625 0.534375 0.015625 0.02734375
0 0.08046875 0.553125 0.01484375 0.02421875
0 0.06171875 0.51484375 0.01953125 0.03046875
0 0.04765625 0.48828125 0.01484375 0.025
0 0.03046875 0.465625 0.0140625 0.0171875
0 0.01953125 0.47421875 0.0140625 0.02109375
0 0.05625 0.4578125 0.01953125 0.02734375
0 0.08828125 0.48125 0.021875 0.028125
0 0.10390625 0.48125 0.0078125 0.0171875
0 0.09296875 0.53828125 0.01796875 0.034375
0 0.11015625 0.55234375 0.021875 0.03046875
0 0.11015625 0.52265625 0.01015625 0.01484375
0 0.1 0.509375 0.0171875 0.02578125
0 0.11328125 0.51171875 0.01640625 0.021875
0 0.1125 0.49765625 0.01171875 0.015625
0 0.13125 0.5046875 0.01640625 0.02421875
0 0.134375 0.53671875 0.025 0.03359375
0 0.14921875 0.553125 0.02109375 0.0296875
0 0.14609375 0.51015625 0.01015625 0.0234375
0 0.1359375 0.4921875 0.0140625 0.01171875
0 0.12109375 0.4734375 0.0234375 0.03125
0 0.14609375 0.48203125 0.01796875 0.0328125
0 0.1578125 0.4875 0.0125 0.01484375
0 0.1515625 0.44921875 0.015625 0.01484375
0 0.16015625 0.46484375 0.02421875 0.03046875
0 0.1140625 0.44765625 0.01796875 0.02109375
0 0.171875 0.53046875 0.02109375 0.0296875
0 0.178125 0.55390625 0.021875 0.0296875
0 0.1828125 0.49921875 0.015625 0.01640625
0 0.18515625 0.52109375 0.01875 0.03046875
0 0.1953125 0.53984375 0.0203125 0.0265625
0 0.20234375 0.5578125 0.025 0.03046875
0 0.22109375 0.56171875 0.01171875 0.02734375
0 0.2109375 0.54453125 0.01953125 0.01640625
0 0.2046875 0.4984375 0.0171875 0.02890625
0 0.221875 0.525 0.01953125 0.025
0 0.23046875 0.54375 0.01015625 0.02578125
0 0.23984375 0.534375 0.01953125 0.03046875
0 0.24375 0.55234375 0.0203125 0.0203125
0 0.2640625 0.5546875 0.01640625 0.03359375
0 0.265625 0.5265625 0.0171875 0.02421875
0 0.24921875 0.50703125 0.015625 0.028125
0 0.23046875 0.47890625 0.02421875 0.025
0 0.23828125 0.453125 0.02109375 0.034375
0 0.2703125 0.48359375 0.02734375 0.028125
0 0.26875 0.50625 0.0203125 0.01640625
0 0.25625 0.46875 0.01953125 0.0234375
0 0.265625 0.42421875 0.01328125 0.02265625
0 0.27734375 0.4421875 0.0234375 0.02890625
0 0.28671875 0.49921875 0.021875 0.01796875
0 0.2796875 0.54140625 0.0203125 0.03359375
0 0.2890625 0.559375 0.021875 0.0359375
0 0.30859375 0.53046875 0.02265625 0.028125
0 0.31015625 0.5015625 0.0234375 0.0234375
0 0.32109375 0.51875 0.0265625 0.02109375
0 0.3203125 0.55 0.02265625 0.0421875
0 0.3203125 0.475 0.0171875 0.0203125
0 0.34921875 0.48671875 0.01875 0.01796875
0 0.35078125 0.50625 0.0203125 0.0265625
0 0.3421875 0.5171875 0.00703125 0.01640625
0 0.35078125 0.53359375 0.01796875 0.0265625
0 0.3640625 0.52890625 0.0078125 0.01796875
0 0.36328125 0.55 0.01484375 0.02421875
0 0.37734375 0.540625 0.01953125 0.0234375
0 0.37109375 0.51015625 0.015625 0.02890625
0 0.38828125 0.5203125 0.01953125 0.02578125
0 0.37890625 0.4734375 0.021875 0.025
0 0.40078125 0.50625 0.01953125 0.02421875
0 0.38828125 0.56875 0.02578125 0.0265625
0 0.3921875 0.54609375 0.0203125 0.02890625
0 0.41953125 0.5640625 0.02109375 0.03125
0 0.42265625 0.53203125 0.01328125 0.03125
0 0.43515625 0.5515625 0.01796875 0.034375
0 0.4484375 0.53046875 0.021875 0.02578125
0 0.45390625 0.55703125 0.01484375 0.0390625
0 0.45546875 0.5125 0.02265625 0.021875
0 0.4671875 0.553125 0.01875 0.0421875
0 0.4734375 0.52578125 0.01796875 0.01953125
0 0.48515625 0.5296875 0.0125 0.0125
0 0.48203125 0.55 0.0203125 0.03828125
0 0.490625 0.509375 0.01484375 0.0234375
0 0.5 0.5546875 0.0140625 0.03125
0 0.51015625 0.5625 0.0171875 0.03203125
0 0.521875 0.56953125 0.01953125 0.0390625
0 0.5125 0.528125 0.021875 0.0265625
0 0.53359375 0.5140625 0.021875 0.02890625
0 0.546875 0.5046875 0.0140625 0.02890625
0 0.528125 0.55625 0.02265625 0.028125
0 0.54140625 0.56640625 0.02265625 0.0328125
0 0.56328125 0.5625 0.01796875 0.03671875
0 0.55234375 0.5390625 0.021875 0.0265625
0 0.53203125 0.4609375 0.0203125 0.03359375
0 0.5625 0.48125 0.0234375 0.03046875
0 0.5796875 0.4671875 0.0234375 0.03203125
0 0.5890625 0.5171875 0.01640625 0.01796875
0 0.590625 0.59765625 0.0125 0.02109375
0 0.60703125 0.5765625 0.02421875 0.04765625
0 0.625 0.5734375 0.02421875 0.040625
0 0.6265625 0.525 0.021875 0.028125
0 0.6296875 0.503125 0.02109375 0.01953125
0 0.62578125 0.48203125 0.02578125 0.03125
0 0.61640625 0.50546875 0.01328125 0.01640625
0 0.61796875 0.45234375 0.0109375 0.025
0 0.646875 0.4671875 0.01484375 0.01796875
0 0.6453125 0.51328125 0.0125 0.03203125
0 0.64609375 0.53359375 0.021875 0.02265625
0 0.6390625 0.559375 0.015625 0.02421875
0 0.6609375 0.575 0.0203125 0.02734375
0 0.6796875 0.5671875 0.01640625 0.03359375
0 0.66875 0.54140625 0.0203125 0.028125
0 0.6609375 0.553125 0.0171875 0.021875
0 0.6703125 0.4984375 0.015625 0.02734375
0 0.68828125 0.5421875 0.01640625 0.02421875
0 0.703125 0.571875 0.0171875 0.03125
0 0.71640625 0.58125 0.0171875 0.02890625
0 0.71171875 0.546875 0.02109375 0.01875
0 0.70390625 0.5234375 0.02265625 0.03046875
0 0.72109375 0.56328125 0.0171875 0.02265625
0 0.73671875 0.58046875 0.025 0.02421875
0 0.6875 0.4734375 0.021875 0.0390625
0 0.73046875 0.54609375 0.01796875 0.021875
0 0.740625 0.5609375 0.0203125 0.02578125
0 0.759375 0.56640625 0.0171875 0.0328125
0 0.74921875 0.5359375 0.02109375 0.034375
0 0.7609375 0.546875 0.01328125 0.0234375
0 0.75234375 0.49765625 0.02890625 0.0296875
0 0.77421875 0.5234375 0.02578125 0.02265625
0 0.79140625 0.484375 0.015625 0.03359375
0 0.78046875 0.540625 0.03046875 0.0234375
0 0.7875 0.56015625 0.0203125 0.0328125
0 0.78046875 0.58359375 0.0171875 0.01640625
0 0.803125 0.5703125 0.01796875 0.0296875
0 0.8203125 0.59140625 0.01953125 0.0265625
0 0.82734375 0.56953125 0.01484375 0.0265625
0 0.81875 0.55703125 0.0171875 0.021875
0 0.815625 0.53984375 0.03203125 0.0265625
0 0.82109375 0.525 0.02265625 0.025
0 0.85 0.515625 0.015625 0.01953125
0 0.83828125 0.5484375 0.01953125 0.0234375
0 0.84296875 0.5671875 0.01171875 0.0203125
0 0.85078125 0.55625 0.01015625 0.0171875
0 0.8578125 0.571875 0.01953125 0.03359375
0 0.8734375 0.49609375 0.0234375 0.03515625
0 0.859375 0.53984375 0.02109375 0.02734375
0 0.875 0.56640625 0.02734375 0.0390625
0 0.8921875 0.56484375 0.01171875 0.02109375
0 0.90390625 0.57890625 0.01953125 0.0265625
0 0.8890625 0.52890625 0.01796875 0.0328125
0 0.90859375 0.49453125 0.021875 0.0359375
0 0.89609375 0.4515625 0.01875 0.028125
0 0.92265625 0.57421875 0.025 0.0375
0 0.93125 0.54296875 0.01875 0.02109375
0 0.9453125 0.56640625 0.0203125 0.03828125
0 0.94765625 0.49609375 0.01796875 0.02734375
0 0.959375 0.50703125 0.0125 0.0265625
0 0.9515625 0.53046875 0.01328125 0.0296875
0 0.965625 0.58125 0.01328125 0.02421875
0 0.9921875 0.575 0.015625 0.0296875
0 0.96796875 0.53046875 0.01328125 0.0171875
0 0.99609375 0.54609375 0.0078125 0.02421875