0 0.01328125 0.57265625 0.02109375 0.040625
0 0.03359375 0.5765625 0.0234375 0.02578125
0 0.05234375 0.57578125 0.021875 0.034375
0 0.03359375 0.5375 0.01328125 0.0203125
0 0.02890625 0.5546875 0.021875 0.025
0 0.0234375 0.53125 0.015625 0.028125
0 0.01015625 0.52890625 0.0203125 0.04296875
0 0.0453125 0.52109375 0.02578125 0.0453125
0 0.04375 0.55546875 0.01953125 0.03515625
0 0.075 0.50625 0.0234375 0.02734375
0 0.06875 0.54375 0.0265625 0.02734375
0 0.075 0.57578125 0.0203125 0.03359375
0 0.09296875 0.590625 0.021875 0.034375
0 0.10546875 0.5765625 0.01796875 0.03046875
0 0.11953125 0.57265625 0.01875 0.02421875
0 0.0875 0.5515625 0.02265625 0.03125
0 0.11640625 0.5546875 0.02578125 0.028125
0 0.140625 0.5546875 0.025 0.01953125
0 0.13828125 0.58359375 0.04140625 0.0359375
0 0.1625 0.56171875 0.02734375 0.03515625
0 0.1359375 0.515625 0.01796875 0.02265625
0 0.16484375 0.5109375 0.02109375 0.021875
0 0.153125 0.52890625 0.02421875 0.02734375
0 0.17421875 0.49765625 0.0203125 0.025
0 0.19453125 0.49453125 0.02265625 0.0234375
0 0.1859375 0.5578125 0.0203125 0.02734375
0 0.1984375 0.57421875 0.01875 0.02734375
0 0.20234375 0.55546875 0.02578125 0.025
0 0.21328125 0.5703125 0.01484375 0.0265625
0 0.2234375 0.5859375 0.02890625 0.04296875
0 0.2390625 0.57734375 0.025 0.04375
0 0.20078125 0.61328125 0.03125 0.028125
0 0.21171875 0.53359375 0.01640625 0.02265625
0 0.22890625 0.4796875 0.0234375 0.03515625
0 0.246875 0.4765625 0.01875 0.02421875
0 0.246875 0.50078125 0.02265625 0.02265625
0 0.23671875 0.5140625 0.02265625 0.028125
0 0.2359375 0.53828125 0.01484375 0.01484375
0 0.25859375 0.5125 0.01875 0.02421875
0 0.2578125 0.55546875 0.02421875 0.03828125
0 0.2796875 0.51484375 0.021875 0.03046875
0 0.27890625 0.56796875 0.01796875 0.02578125
0 0.29375 0.56640625 0.01875 0.02890625
0 0.29921875 0.54765625 0.0171875 0.02421875
0 0.3078125 0.55078125 0.021875 0.03203125
0 0.3078125 0.528125 0.01640625 0.02421875
0 0.32578125 0.534375 0.0125 0.04296875
0 0.33203125 0.5421875 0.02734375 0.03203125
0 0.3453125 0.52265625 0.01953125 0.021875
0 0.35859375 0.5203125 0.02265625 0.025
0 0.3359375 0.496875 0.01953125 0.02890625
0 0.38359375 0.49140625 0.025 0.02578125
0 0.39140625 0.52578125 0.025 0.0390625
0 0.4046875 0.5390625 0.01796875 0.0359375
0 0.39296875 0.5578125 0.02265625 0.034375
0 0.37109375 0.5421875 0.01328125 0.03203125
0 0.4078125 0.4953125 0.01875 0.028125
0 0.415625 0.45546875 0.0203125 0.0234375
0 0.4328125 0.4734375 0.01796875 0.0234375
0 0.4484375 0.48046875 0.02421875 0.03046875
0 0.4625 0.4546875 0.021875 0.0234375
0 0.44765625 0.440625 0.015625 0.025
0 0.4515625 0.496875 0.01875 0.02890625
0 0.45703125 0.5265625 0.01875 0.0453125
0 0.478125 0.56484375 0.01796875 0.034375
0 0.48046875 0.5359375 0.021875 0.0453125
0 0.47109375 0.5359375 0.015625 0.01796875
0 0.44609375 0.53046875 0.01953125 0.03828125
0 0.43125 0.5203125 0.0203125 0.0421875
0 0.4328125 0.565625 0.0109375 0.03125
0 0.478125 0.4859375 0.01953125 0.034375
0 0.4890625 0.515625 0.015625 0.02734375
0 0.5078125 0.53203125 0.0234375 0.0296875
0 0.525 0.515625 0.0234375 0.03984375
0 0.50625 0.48359375 0.02109375 0.0390625
0 0.528125 0.48359375 0.0203125 0.0375
0 0.53515625 0.4625 0.0171875 0.02421875
0 0.55078125 0.51328125 0.02265625 0.0296875
0 0.54453125 0.5328125 0.0296875 0.03125
0 0.56484375 0.51796875 0.015625 0.04140625
0 0.58125 0.5296875 0.0265625 0.04375
0 0.5890625 0.50625 0.02421875 0.03203125
0 0.609375 0.525 0.02578125 0.0375
0 0.60859375 0.49609375 0.01640625 0.01875
0 0.57109375 0.46796875 0.0234375 0.01640625
0 0.56640625 0.4859375 0.0171875 0.01875
0 0.56875 0.42109375 0.0234375 0.02421875
0 0.56640625 0.4453125 0.0234375 0.0265625
0 0.6 0.46171875 0.021875 0.03359375
0 0.61875 0.45546875 0.01484375 0.01484375
0 0.62734375 0.5125 0.0125 0.01953125
0 0.64453125 0.4390625 0.01796875 0.03046875
0 0.646875 0.5203125 0.0203125 0.0328125
0 0.6625 0.52734375 0.01953125 0.03515625
0 0.67578125 0.475 0.01953125 0.03203125
0 0.67109375 0.5015625 0.02421875 0.03203125
0 0.63359375 0.47421875 0.0203125 0.028125
0 0.69375 0.50703125 0.02109375 0.021875
0 0.6984375 0.48515625 0.0203125 0.02578125
0 0.70625 0.5296875 0.021875 0.034375
0 0.73046875 0.52421875 0.021875 0.0359375
0 0.7234375 0.4859375 0.02109375 0.02890625
0 0.740625 0.50078125 0.021875 0.03671875
0 0.75234375 0.52109375 0.01953125 0.0265625
0 0.7609375 0.540625 0.0140625 0.03046875
0 0.74921875 0.540625 0.0125 0.03359375
0 0.73046875 0.4625 0.021875 0.0328125
0 0.7484375 0.459375 0.01640625 0.028125
0 0.76328125 0.4734375 0.01015625 0.028125
0 0.74609375 0.42734375 0.01796875 0.0296875
0 0.77421875 0.45625 0.02265625 0.03046875
0 0.803125 0.47578125 0.01953125 0.03203125
0 0.8125 0.46484375 0.01328125 0.02734375
0 0.771875 0.515625 0.01875 0.03125
0 0.7828125 0.5265625 0.0140625 0.02421875
0 0.78046875 0.55859375 0.01484375 0.03046875
0 0.79296875 0.55 0.01953125 0.03671875
0 0.79921875 0.51875 0.02421875 0.034375
0 0.81015625 0.54453125 0.01953125 0.03828125
0 0.81484375 0.5671875 0.0171875 0.025
0 0.8296875 0.52421875 0.01640625 0.02421875
0 0.83515625 0.5515625 0.02734375 0.0265625
0 0.83828125 0.571875 0.02265625 0.02890625
0 0.83203125 0.49375 0.02109375 0.0296875
0 0.84609375 0.4671875 0.01171875 0.0265625
0 0.87265625 0.47890625 0.0234375 0.0296875
0 0.85390625 0.54375 0.0171875 0.025
0 0.85078125 0.56640625 0.0171875 0.02890625
0 0.86796875 0.56171875 0.034375 0.04140625
0 0.8890625 0.57890625 0.01796875 0.0453125
0 0.8875 0.54140625 0.02421875 0.0375
0 0.89765625 0.50078125 0.02421875 0.03359375
0 0.87265625 0.5046875 0.02109375 0.03125
0 0.9140625 0.5359375 0.01953125 0.03515625
0 0.90703125 0.58125 0.01171875 0.02578125
0 0.91875 0.58359375 0.015625 0.03125
0 0.9203125 0.56171875 0.01875 0.03203125
0 0.9375 0.5625 0.0203125 0.025
0 0.93359375 0.54296875 0.01796875 0.021875
0 0.94296875 0.58515625 0.01953125 0.02578125
0 0.95703125 0.5390625 0.02265625 0.03359375
0 0.97109375 0.55703125 0.0203125 0.02890625
0 0.9375 0.46171875 0.0203125 0.034375
0 0.97578125 0.4625 0.01875 0.02421875
0 0.96796875 0.5078125 0.0203125 0.02890625
0 0.984375 0.5203125 0.01953125 0.02734375
0 0.96953125 0.5875 0.021875 0.03046875
0 0.98671875 0.59375 0.0171875 0.034375
0 0.9890625 0.55859375 0.0203125 0.03828125
0 0.20078125 0.46875 0.021875 0.02734375