0 0.025 0.5859375 0.03046875 0.03984375
0 0.0484375 0.58984375 0.0234375 0.02890625
0 0.05625 0.57109375 0.0234375 0.03671875
0 0.00546875 0.58828125 0.01015625 0.0359375
0 0.075 0.5578125 0.0328125 0.0390625
0 0.08671875 0.58515625 0.028125 0.034375
0 0.1 0.56796875 0.0234375 0.03359375
0 0.1234375 0.59453125 0.01796875 0.02265625
0 0.146875 0.59296875 0.021875 0.0359375
0 0.121875 0.56953125 0.02265625 0.03203125
0 0.11015625 0.546875 0.02734375 0.03046875
0 0.08828125 0.5265625 0.028125 0.04375
0 0.121875 0.53046875 0.02578125 0.046875
0 0.146875 0.56171875 0.0234375 0.03671875
0 0.159375 0.55390625 0.02265625 0.0375
0 0.13828125 0.525 0.025 0.03203125
0 0.1546875 0.51171875 0.028125 0.03671875
0 0.17109375 0.54375 0.021875 0.0359375
0 0.1828125 0.51875 0.0265625 0.034375
0 0.18984375 0.55 0.0203125 0.0375
0 0.2046875 0.53125 0.0203125 0.0296875
0 0.21796875 0.50703125 0.028125 0.0421875
0 0.21796875 0.5546875 0.0203125 0.04453125
0 0.2375 0.49296875 0.02421875 0.03203125
0 0.24453125 0.528125 0.02421875 0.03984375
0 0.25703125 0.5390625 0.021875 0.03828125
0 0.27421875 0.55390625 0.02578125 0.04765625
0 0.29765625 0.5515625 0.01875 0.04296875
0 0.3109375 0.54609375 0.025 0.03828125
0 0.284375 0.5234375 0.0203125 0.0265625
0 0.28203125 0.490625 0.0265625 0.03671875
0 0.303125 0.51953125 0.02109375 0.02578125
0 0.32734375 0.52578125 0.028125 0.03671875
0 0.33515625 0.5046875 0.02421875 0.03046875
0 0.3515625 0.5234375 0.021875 0.0296875
0 0.34609375 0.5515625 0.021875 0.03046875
0 0.33515625 0.55078125 0.01953125 0.034375
0 0.36953125 0.54921875 0.02109375 0.03203125
0 0.3921875 0.54453125 0.021875 0.0359375
0 0.4140625 0.546875 0.0265625 0.03671875
0 0.375 0.52265625 0.03515625 0.03125
0 0.41484375 0.51015625 0.0265625 0.03515625
0 0.4359375 0.49296875 0.02109375 0.0359375
0 0.44296875 0.52421875 0.034375 0.034375
0 0.43671875 0.54921875 0.0234375 0.03515625
0 0.45859375 0.57421875 0.034375 0.028125
0 0.465625 0.54375 0.02578125 0.03984375
0 0.4609375 0.49453125 0.02578125 0.03671875
0 0.4890625 0.50234375 0.025 0.03828125
0 0.47890625 0.53515625 0.025 0.04140625
0 0.4921875 0.55234375 0.0265625 0.0328125
0 0.50390625 0.54140625 0.0234375 0.0375
0 0.50078125 0.47421875 0.02578125 0.03203125
0 0.515625 0.5140625 0.02578125 0.028125
0 0.5265625 0.53828125 0.02421875 0.0375
0 0.5609375 0.48984375 0.02734375 0.0375
0 0.58203125 0.4875 0.0234375 0.03359375
0 0.58125 0.528125 0.03203125 0.034375
0 0.57109375 0.51171875 0.02578125 0.03046875
0 0.58984375 0.559375 0.0234375 0.0359375
0 0.6140625 0.57265625 0.0296875 0.028125
0 0.63984375 0.5609375 0.01875 0.0265625
0 0.6734375 0.5171875 0.0265625 0.03203125
0 0.68828125 0.5390625 0.02265625 0.02734375
0 0.70859375 0.53984375 0.02265625 0.03046875
0 0.70390625 0.50859375 0.02265625 0.03515625
0 0.69921875 0.46796875 0.021875 0.034375
0 0.73671875 0.5296875 0.02265625 0.03046875
0 0.74296875 0.55234375 0.0203125 0.03515625
0 0.78203125 0.56015625 0.0296875 0.03359375
0 0.75390625 0.490625 0.0234375 0.0359375
0 0.8484375 0.55234375 0.02421875 0.03125
0 0.86953125 0.559375 0.02109375 0.0375
0 0.89375 0.55234375 0.028125 0.059375
0 0.915625 0.53984375 0.025 0.0359375
0 0.95859375 0.51953125 0.02734375 0.028125
0 0.9578125 0.57890625 0.025 0.03828125
0 0.98359375 0.565625 0.02421875 0.025
0 0.98984375 0.5390625 0.0203125 0.03046875
0 0.9703125 0.54765625 0.01875 0.034375
0 0.9265625 0.5640625 0.01484375 0.02890625
0 0.97265625 0.47734375 0.01484375 0.01953125
0 0.8765625 0.5265625 0.02265625 0.025