0 0.03984375 0.396875 0.0234375 0.040625
0 0.021875 0.39453125 0.02109375 0.03984375
0 0.03125 0.3578125 0.021875 0.02421875
0 0.03125 0.33203125 0.03046875 0.03046875
0 0.05703125 0.39375 0.01953125 0.04375
0 0.0734375 0.38984375 0.025 0.040625
0 0.0921875 0.3921875 0.01953125 0.04453125
0 0.09921875 0.32109375 0.02265625 0.03359375
0 0.10234375 0.35234375 0.0265625 0.0375
0 0.11171875 0.37578125 0.0265625 0.03203125
0 0.12734375 0.39375 0.02421875 0.03359375
0 0.1484375 0.3875 0.02734375 0.03359375
0 0.13984375 0.36328125 0.02890625 0.0375
0 0.1296875 0.33125 0.02109375 0.040625
0 0.15234375 0.328125 0.03203125 0.0421875
0 0.17578125 0.3625 0.02265625 0.03828125
0 0.1890625 0.39140625 0.025 0.03671875
0 0.20859375 0.39609375 0.01796875 0.02578125
0 0.19609375 0.3671875 0.01953125 0.02734375
0 0.21953125 0.37265625 0.0265625 0.05078125
0 0.22734375 0.3578125 0.0234375 0.0375
0 0.1921875 0.32109375 0.01953125 0.04765625
0 0.23125 0.32421875 0.02109375 0.05078125
0 0.25078125 0.33984375 0.0234375 0.034375
0 0.26015625 0.39609375 0.0390625 0.05234375
0 0.27578125 0.34453125 0.025 0.0453125
0 0.29140625 0.35625 0.0234375 0.03359375
0 0.290625 0.40390625 0.02578125 0.03671875
0 0.3015625 0.38671875 0.03046875 0.03671875
0 0.31640625 0.40390625 0.0234375 0.0453125
0 0.33125 0.41015625 0.01484375 0.04140625
0 0.34375 0.40625 0.01640625 0.03984375
0 0.3078125 0.3578125 0.0234375 0.03359375
0 0.3046875 0.3296875 0.021875 0.0421875
0 0.334375 0.36015625 0.025 0.03671875
0 0.3515625 0.35078125 0.025 0.0421875
0 0.3890625 0.35078125 0.02421875 0.03125
0 0.36953125 0.41328125 0.021875 0.040625
0 0.38046875 0.421875 0.01171875 0.03515625
0 0.3609375 0.38984375 0.01953125 0.02265625
0 0.378125 0.38359375 0.03046875 0.03125
0 0.396875 0.39765625 0.01953125 0.0390625
0 0.4171875 0.43828125 0.0265625 0.0484375
0 0.43359375 0.425 0.01640625 0.04453125
0 0.4203125 0.3984375 0.01953125 0.034375
0 0.4140625 0.36796875 0.02421875 0.0421875
0 0.45625 0.37890625 0.0265625 0.03203125
0 0.45625 0.39765625 0.01875 0.02734375
0 0.45625 0.440625 0.0203125 0.0375
0 0.4765625 0.44921875 0.02265625 0.034375
0 0.48828125 0.39921875 0.02421875 0.03515625
0 0.48828125 0.425 0.02421875 0.03515625
0 0.515625 0.45078125 0.02421875 0.03125
0 0.525 0.46328125 0.01796875 0.046875
0 0.52734375 0.3890625 0.01796875 0.0328125
0 0.540625 0.46484375 0.01484375 0.0375
0 0.56953125 0.46328125 0.02265625 0.05
0 0.575 0.41875 0.0234375 0.0328125
0 0.5875 0.46171875 0.0234375 0.034375
0 0.603125 0.42734375 0.02265625 0.034375
0 0.6125 0.4078125 0.02109375 0.0328125
0 0.61328125 0.45390625 0.02265625 0.03828125
0 0.61484375 0.4859375 0.0171875 0.03125
0 0.63359375 0.475 0.0171875 0.03828125
0 0.6453125 0.5015625 0.028125 0.05078125
0 0.66640625 0.48828125 0.028125 0.05234375
0 0.65625 0.42890625 0.02421875 0.03359375
0 0.68671875 0.3984375 0.02578125 0.02890625
0 0.68984375 0.4515625 0.025 0.04609375
0 0.6984375 0.50546875 0.0234375 0.03515625
0 0.70625 0.47109375 0.0234375 0.0375
0 0.72578125 0.45078125 0.021875 0.03515625
0 0.73515625 0.50078125 0.021875 0.03203125
0 0.721875 0.515625 0.02421875 0.04765625
0 0.7453125 0.53984375 0.0234375 0.03984375
0 0.7609375 0.5171875 0.0234375 0.03671875
0 0.759375 0.56171875 0.02421875 0.03359375
0 0.78359375 0.56015625 0.0234375 0.04296875
0 0.78359375 0.5203125 0.0234375 0.03359375
0 0.80703125 0.50546875 0.02109375 0.03359375
0 0.825 0.5328125 0.01953125 0.0296875
0 0.80390625 0.57109375 0.0203125 0.02890625
0 0.8109375 0.59375 0.021875 0.03203125
0 0.84609375 0.571875 0.02109375 0.03203125
0 0.84765625 0.60234375 0.0265625 0.034375
0 0.8421875 0.63046875 0.01875 0.04140625
0 0.86484375 0.6328125 0.0203125 0.03984375
0 0.87734375 0.60234375 0.0203125 0.03125
0 0.8890625 0.61953125 0.02421875 0.03046875
0 0.903125 0.60078125 0.01796875 0.03203125
0 0.90234375 0.66640625 0.02109375 0.034375
0 0.915625 0.6515625 0.02421875 0.0296875
0 0.93046875 0.634375 0.01171875 0.03125
0 0.96015625 0.609375 0.0234375 0.02890625
0 0.96953125 0.63515625 0.02578125 0.02421875
0 0.9359375 0.546875 0.01484375 0.028125
0 0.934375 0.684375 0.02578125 0.040625
0 0.91796875 0.73046875 0.02578125 0.03046875
0 0.93125 0.7171875 0.01484375 0.02734375
0 0.9578125 0.68671875 0.021875 0.0265625
0 0.971875 0.6890625 0.01640625 0.040625
0 0.9859375 0.6859375 0.0265625 0.03046875
0 0.98828125 0.665625 0.0234375 0.02890625
0 0.96484375 0.71171875 0.025 0.03359375
0 0.98828125 0.709375 0.02265625 0.02890625
0 0.89296875 0.553125 0.01484375 0.015625