0 0.0078125 0.51796875 0.015625 0.0171875
0 0.0171875 0.50234375 0.01640625 0.03515625
0 0.028125 0.4921875 0.01640625 0.0421875
0 0.0171875 0.46328125 0.01796875 0.028125
0 0.04375 0.4953125 0.015625 0.03046875
0 0.03828125 0.47109375 0.0171875 0.03828125
0 0.05390625 0.4796875 0.025 0.03203125
0 0.07734375 0.48359375 0.02109375 0.02578125
0 0.059375 0.46015625 0.01875 0.03046875
0 0.046875 0.446875 0.01640625 0.0234375
0 0.021875 0.41328125 0.0171875 0.02734375
0 0.01015625 0.434375 0.0140625 0.0265625
0 0.053125 0.40390625 0.0171875 0.021875
0 0.0828125 0.40625 0.01875 0.02890625
0 0.071875 0.43125 0.02265625 0.034375
0 0.0828125 0.43828125 0.02265625 0.02421875
0 0.08203125 0.45546875 0.02578125 0.01875
0 0.09375 0.48203125 0.015625 0.03046875
0 0.1046875 0.475 0.01328125 0.02421875
0 0.09609375 0.45390625 0.01640625 0.034375
0 0.13125 0.43671875 0.01015625 0.02578125
0 0.12109375 0.41875 0.0171875 0.03203125
0 0.1078125 0.42890625 0.01640625 0.02890625
0 0.11796875 0.45078125 0.0265625 0.0359375
0 0.14609375 0.44765625 0.01953125 0.02734375
0 0.115625 0.39765625 0.02109375 0.02890625
0 0.14140625 0.39296875 0.015625 0.0234375
0 0.165625 0.40390625 0.0234375 0.0296875
0 0.1796875 0.390625 0.01875 0.03125
0 0.1765625 0.42734375 0.02109375 0.03671875
0 0.1953125 0.44296875 0.0234375 0.03359375
0 0.19296875 0.4140625 0.0203125 0.0328125
0 0.165625 0.346875 0.0203125 0.03671875
0 0.2125 0.41875 0.01484375 0.0234375
0 0.221875 0.440625 0.01953125 0.02890625
0 0.2359375 0.43671875 0.0171875 0.03359375
0 0.22734375 0.41015625 0.021875 0.0203125
0 0.24921875 0.43125 0.01484375 0.03359375
0 0.26640625 0.434375 0.01953125 0.0328125
0 0.19375 0.3234375 0.0171875 0.02734375
0 0.25390625 0.36953125 0.01484375 0.025
0 0.26875 0.384375 0.01875 0.0296875
0 0.27734375 0.40546875 0.025 0.0296875
0 0.2890625 0.44296875 0.0203125 0.03046875
0 0.275 0.4890625 0.0203125 0.03515625
0 0.30625 0.4625 0.0265625 0.03671875
0 0.31796875 0.4484375 0.02265625 0.0359375
0 0.33671875 0.44609375 0.0171875 0.03828125
0 0.3125 0.4203125 0.02109375 0.025
0 0.30078125 0.37421875 0.02109375 0.0296875
0 0.27734375 0.36796875 0.01875 0.0234375
0 0.32734375 0.39921875 0.0265625 0.03203125
0 0.34453125 0.359375 0.0171875 0.03359375
0 0.35546875 0.4125 0.0203125 0.0453125
0 0.36796875 0.4390625 0.01953125 0.025
0 0.3734375 0.41015625 0.0203125 0.0359375
0 0.3984375 0.403125 0.021875 0.034375
0 0.42265625 0.415625 0.01875 0.0328125
0 0.4421875 0.4171875 0.021875 0.03671875
0 0.4375 0.37421875 0.01953125 0.0234375
0 0.41640625 0.38359375 0.015625 0.02734375
0 0.44609375 0.3890625 0.02109375 0.01953125
0 0.46875 0.38203125 0.0203125 0.02578125
0 0.46953125 0.41640625 0.0140625 0.03046875
0 0.4875 0.4015625 0.01875 0.03671875
0 0.4921875 0.37265625 0.0203125 0.025
0 0.50234375 0.4140625 0.01640625 0.0390625
0 0.51484375 0.421875 0.01953125 0.02734375
0 0.51875 0.396875 0.02109375 0.02890625
0 0.52421875 0.434375 0.01484375 0.02734375
0 0.54375 0.43046875 0.0140625 0.03984375
0 0.53203125 0.3796875 0.021875 0.0203125
0 0.5453125 0.37421875 0.01640625 0.02578125
0 0.55 0.3625 0.015625 0.0234375
0 0.53828125 0.39765625 0.0234375 0.0234375
0 0.5578125 0.40546875 0.015625 0.03046875
0 0.57578125 0.4 0.01875 0.02734375
0 0.56796875 0.37734375 0.025 0.02734375
0 0.58984375 0.3671875 0.02578125 0.03515625
0 0.59765625 0.396875 0.021875 0.03125
0 0.58515625 0.4453125 0.0171875 0.02578125
0 0.60703125 0.42265625 0.0109375 0.028125
0 0.6234375 0.42578125 0.01953125 0.034375
0 0.5828125 0.4265625 0.01015625 0.01796875
0 0.59609375 0.43515625 0.015625 0.02890625
0 0.64921875 0.46171875 0.01875 0.02890625
0 0.64140625 0.34453125 0.015625 0.0265625
0 0.65234375 0.36875 0.02109375 0.02890625
0 0.684375 0.4046875 0.01953125 0.02421875
0 0.675 0.47890625 0.015625 0.02890625
0 0.696875 0.4625 0.0203125 0.034375
0 0.71015625 0.48359375 0.01640625 0.0265625
0 0.7265625 0.48984375 0.01640625 0.02734375
0 0.71484375 0.4609375 0.0171875 0.0296875
0 0.71015625 0.41953125 0.01953125 0.0296875
0 0.7203125 0.4390625 0.01484375 0.02109375
0 0.7453125 0.428125 0.02265625 0.02890625
0 0.71875 0.41171875 0.01484375 0.0234375
0 0.73828125 0.47109375 0.01171875 0.02578125
0 0.753125 0.44296875 0.0203125 0.0234375
0 0.78046875 0.40078125 0.015625 0.034375
0 0.75546875 0.4703125 0.02421875 0.03515625
0 0.76640625 0.4484375 0.0234375 0.03671875
0 0.784375 0.44296875 0.01953125 0.028125
0 0.7625 0.5015625 0.01796875 0.03671875
0 0.77890625 0.50546875 0.021875 0.03515625
0 0.79609375 0.51640625 0.0171875 0.028125
0 0.81015625 0.50546875 0.01953125 0.03671875
0 0.8 0.4671875 0.02265625 0.0203125
0 0.8171875 0.44140625 0.0203125 0.02578125
0 0.83125 0.4265625 0.01875 0.02734375
0 0.859375 0.434375 0.0203125 0.02890625
0 0.8265625 0.51171875 0.01953125 0.03203125
0 0.8375 0.49140625 0.02109375 0.034375
0 0.85546875 0.48984375 0.015625 0.0296875
0 0.84453125 0.509375 0.0140625 0.0234375
0 0.86484375 0.54140625 0.01796875 0.0296875
0 0.88203125 0.54375 0.0171875 0.0296875
0 0.88515625 0.52578125 0.0234375 0.0265625
0 0.88203125 0.503125 0.02109375 0.03203125
0 0.86484375 0.503125 0.01484375 0.02265625
0 0.90703125 0.46796875 0.02109375 0.03125
0 0.9046875 0.49296875 0.02109375 0.028125
0 0.91875 0.48828125 0.0140625 0.02109375
0 0.9296875 0.4953125 0.01796875 0.025
0 0.90390625 0.5421875 0.02578125 0.0453125
0 0.90390625 0.5609375 0.015625 0.01953125
0 0.91640625 0.56796875 0.02421875 0.0296875
0 0.92578125 0.54140625 0.0234375 0.02734375
0 0.93515625 0.51875 0.02421875 0.0265625
0 0.9328125 0.4484375 0.01640625 0.0265625
0 0.9734375 0.4890625 0.01796875 0.03125
0 0.96015625 0.53515625 0.01796875 0.0265625
0 0.93984375 0.57109375 0.01953125 0.0265625
0 0.95 0.56171875 0.02109375 0.02890625
0 0.965625 0.5578125 0.0203125 0.01953125
0 0.96171875 0.578125 0.01328125 0.0203125
0 0.96484375 0.59609375 0.0234375 0.03359375
0 0.9828125 0.5875 0.01484375 0.03046875
0 0.99296875 0.584375 0.0140625 0.0375
0 0.94765625 0.49453125 0.01796875 0.028125
0 0.7125 0.35703125 0.015625 0.02109375
0 0.3703125 0.45625 0.0125 0.01875
0 0.309375 0.32890625 0.0140625 0.02734375
0 0.2015625 0.35703125 0.01171875 0.02109375
0 0.15390625 0.53125 0.0171875 0.03125
0 0.0640625 0.37734375 0.009375 0.01953125
0 0.0375 0.42578125 0.0140625 0.02265625