0 0.00703125 0.53125 0.0140625 0.0375
0 0.04375 0.52890625 0.025 0.0421875
0 0.025 0.5328125 0.0125 0.021875
0 0.034375 0.50859375 0.02421875 0.02421875
0 0.06328125 0.4859375 0.01953125 0.0328125
0 0.034375 0.46796875 0.015625 0.02421875
0 0.07890625 0.45703125 0.02109375 0.028125
0 0.09296875 0.4578125 0.02109375 0.02265625
0 0.1078125 0.49765625 0.01640625 0.02890625
0 0.1046875 0.475 0.02109375 0.0265625
0 0.11953125 0.50546875 0.02109375 0.02890625
0 0.14765625 0.50703125 0.0203125 0.02734375
0 0.1359375 0.471875 0.02734375 0.046875
0 0.1703125 0.4828125 0.0140625 0.03125
0 0.165625 0.503125 0.01484375 0.03984375
0 0.1875 0.49765625 0.01953125 0.0296875
0 0.17578125 0.440625 0.01953125 0.03515625
0 0.16328125 0.45 0.01640625 0.02578125
0 0.18203125 0.45859375 0.0203125 0.02265625
0 0.19765625 0.4734375 0.0265625 0.03359375
0 0.2046875 0.5015625 0.02109375 0.0359375
0 0.16796875 0.415625 0.0171875 0.025
0 0.19921875 0.41328125 0.01953125 0.025
0 0.22109375 0.43359375 0.021875 0.0375
0 0.2390625 0.4046875 0.01953125 0.03046875
0 0.22109375 0.4765625 0.0203125 0.0328125
0 0.22265625 0.50234375 0.0125 0.02578125
0 0.234375 0.4546875 0.015625 0.03359375
0 0.23984375 0.5015625 0.01875 0.0390625
0 0.25859375 0.41953125 0.02109375 0.03515625
0 0.28046875 0.4265625 0.02265625 0.03046875
0 0.2578125 0.471875 0.0140625 0.034375
0 0.26796875 0.47421875 0.01640625 0.0140625
0 0.25546875 0.50625 0.015625 0.03359375
0 0.26875 0.51640625 0.01484375 0.0234375
0 0.2828125 0.51015625 0.0171875 0.03359375
0 0.27265625 0.49140625 0.02109375 0.03359375
0 0.28046875 0.45859375 0.025 0.0265625
0 0.3 0.4625 0.01953125 0.02265625
0 0.31796875 0.46015625 0.0125 0.01875
0 0.3078125 0.4171875 0.02265625 0.03203125
0 0.309375 0.38828125 0.01796875 0.02578125
0 0.34375 0.39921875 0.01875 0.034375
0 0.365625 0.4328125 0.02265625 0.03125
0 0.34140625 0.4484375 0.0234375 0.04609375
0 0.31328125 0.4890625 0.0265625 0.0375
0 0.29609375 0.5046875 0.01484375 0.03125
0 0.33125 0.4921875 0.0125 0.025
0 0.3453125 0.48828125 0.01953125 0.0421875
0 0.35703125 0.50703125 0.01484375 0.02890625
0 0.3828125 0.49765625 0.01953125 0.01953125
0 0.37109375 0.48125 0.0234375 0.0265625
0 0.365625 0.45390625 0.02734375 0.04921875
0 0.39375 0.47109375 0.0265625 0.04375
0 0.3953125 0.52421875 0.03203125 0.0375
0 0.415625 0.51875 0.0140625 0.02890625
0 0.41953125 0.49453125 0.01796875 0.02890625
0 0.4125 0.45234375 0.01640625 0.0265625
0 0.434375 0.45 0.02109375 0.034375
0 0.46015625 0.44453125 0.01640625 0.02578125
0 0.44375 0.51640625 0.0203125 0.0328125
0 0.4640625 0.4953125 0.01875 0.01953125
0 0.484375 0.4984375 0.01953125 0.0265625
0 0.43515625 0.49375 0.01484375 0.0125
0 0.45234375 0.48203125 0.01328125 0.01875
0 0.45859375 0.53671875 0.0203125 0.025
0 0.48515625 0.53515625 0.01484375 0.02109375
0 0.4859375 0.51171875 0.01796875 0.03515625
0 0.4953125 0.51953125 0.02109375 0.034375
0 0.509375 0.52890625 0.02421875 0.0390625
0 0.5234375 0.52578125 0.01875 0.03671875
0 0.46328125 0.5140625 0.01796875 0.02265625
0 0.48046875 0.465625 0.01796875 0.02890625
0 0.4828125 0.4328125 0.01484375 0.028125
0 0.51875 0.47421875 0.0203125 0.0203125
0 0.5140625 0.43125 0.02265625 0.03046875
0 0.53515625 0.4421875 0.0125 0.021875
0 0.5296875 0.45625 0.021875 0.0265625
0 0.54140625 0.5234375 0.01875 0.03515625
0 0.5359375 0.50234375 0.0234375 0.02265625
0 0.55078125 0.49140625 0.0234375 0.0171875
0 0.5546875 0.51484375 0.015625 0.02890625
0 0.5515625 0.5625 0.01484375 0.025
0 0.56171875 0.54140625 0.02421875 0.03125
0 0.57578125 0.54921875 0.0234375 0.034375
0 0.5796875 0.52265625 0.0234375 0.0296875
0 0.59765625 0.50703125 0.02109375 0.04921875
0 0.584375 0.49296875 0.02578125 0.03125
0 0.56875 0.509375 0.0125 0.01796875
0 0.60859375 0.5578125 0.0125 0.02265625
0 0.63359375 0.51640625 0.021875 0.03203125
0 0.653125 0.5484375 0.0234375 0.03046875
0 0.6578125 0.50625 0.02421875 0.03359375
0 0.64453125 0.50078125 0.0140625 0.03203125
0 0.63984375 0.46171875 0.01796875 0.0203125
0 0.6390625 0.44296875 0.0203125 0.0234375
0 0.66796875 0.44453125 0.01640625 0.025
0 0.690625 0.43359375 0.01953125 0.02578125
0 0.68984375 0.559375 0.01328125 0.0171875
0 0.70234375 0.5546875 0.01640625 0.0296875
0 0.72734375 0.5640625 0.01953125 0.03203125
0 0.74140625 0.55703125 0.01640625 0.034375
0 0.71484375 0.45703125 0.01484375 0.0265625
0 0.7328125 0.4625 0.0140625 0.0265625
0 0.74765625 0.465625 0.01796875 0.0359375
0 0.76171875 0.571875 0.02421875 0.03671875
0 0.78984375 0.49140625 0.01796875 0.028125
0 0.78359375 0.5359375 0.015625 0.0296875
0 0.78671875 0.5515625 0.02109375 0.0265625
0 0.7984375 0.58046875 0.025 0.0421875
0 0.8203125 0.5765625 0.01875 0.03515625
0 0.8203125 0.59921875 0.0171875 0.02578125
0 0.84453125 0.5953125 0.0203125 0.02734375
0 0.81875 0.53046875 0.01796875 0.02578125
0 0.809375 0.4890625 0.015625 0.028125
0 0.82734375 0.48671875 0.01953125 0.0296875
0 0.8515625 0.509375 0.02578125 0.028125
0 0.8734375 0.52265625 0.01953125 0.02734375
0 0.8484375 0.56484375 0.0203125 0.01953125
0 0.8703125 0.5578125 0.0125 0.021875
0 0.85703125 0.58125 0.01875 0.0265625
0 0.86328125 0.59296875 0.01640625 0.03125
0 0.88828125 0.5515625 0.0203125 0.025
0 0.91328125 0.540625 0.0203125 0.0265625
0 0.92734375 0.584375 0.0203125 0.025
0 0.94765625 0.575 0.0203125 0.03203125
0 0.94296875 0.51875 0.01484375 0.02578125
0 0.925 0.60703125 0.01640625 0.021875
0 0.9390625 0.60625 0.01796875 0.0296875
0 0.959375 0.60390625 0.025 0.021875
0 0.9625 0.64296875 0.0171875 0.034375
0 0.9796875 0.64453125 0.02109375 0.028125
0 0.978125 0.61953125 0.02109375 0.0296875
0 0.9921875 0.60546875 0.015625 0.02578125
0 0.9921875 0.56484375 0.015625 0.03046875
0 0.975 0.5796875 0.015625 0.015625
0 0.97421875 0.55703125 0.01640625 0.02578125
0 0.953125 0.62578125 0.021875 0.034375