0 0.0203125 0.62578125 0.021875 0.025
0 0.00703125 0.61171875 0.01328125 0.02578125
0 0.00625 0.6328125 0.0125 0.0234375
0 0.02890625 0.6046875 0.02265625 0.0328125
0 0.00703125 0.57109375 0.0140625 0.02890625
0 0.00625 0.58984375 0.0125 0.0265625
0 0.02578125 0.55625 0.021875 0.03125
0 0.04296875 0.553125 0.021875 0.03046875
0 0.06796875 0.58828125 0.021875 0.03828125
0 0.08203125 0.575 0.01953125 0.02890625
0 0.059375 0.5625 0.0234375 0.04765625
0 0.09921875 0.56875 0.02890625 0.03203125
0 0.103125 0.54609375 0.02265625 0.03125
0 0.08203125 0.53828125 0.0203125 0.040625
0 0.08515625 0.48984375 0.0203125 0.03125
0 0.06015625 0.51484375 0.02265625 0.01875
0 0.1140625 0.5203125 0.0234375 0.0375
0 0.13125 0.5359375 0.0234375 0.03984375
0 0.1078125 0.49140625 0.021875 0.03359375
0 0.1234375 0.4765625 0.02734375 0.0296875
0 0.14140625 0.45703125 0.02421875 0.0375
0 0.134375 0.5109375 0.0171875 0.02109375
0 0.153125 0.51953125 0.02109375 0.0453125
0 0.1640625 0.534375 0.01796875 0.0265625
0 0.18203125 0.52421875 0.0203125 0.03671875
0 0.2046875 0.525 0.01484375 0.02109375
0 0.18125 0.496875 0.01796875 0.0234375
0 0.20234375 0.49296875 0.01640625 0.02109375
0 0.20390625 0.509375 0.021875 0.015625
0 0.1765625 0.46796875 0.02109375 0.02109375
0 0.20234375 0.46953125 0.02421875 0.0234375
0 0.2203125 0.503125 0.01640625 0.028125
0 0.23125 0.50703125 0.01171875 0.0234375
0 0.240625 0.49921875 0.0109375 0.01484375
0 0.23359375 0.45234375 0.01796875 0.02109375
0 0.25390625 0.4734375 0.015625 0.028125
0 0.26796875 0.44921875 0.01953125 0.02578125
0 0.28671875 0.44765625 0.01953125 0.0265625
0 0.26328125 0.425 0.01328125 0.015625
0 0.271875 0.41171875 0.01796875 0.0234375
0 0.2859375 0.48671875 0.01328125 0.03125
0 0.27578125 0.47109375 0.01953125 0.02109375
0 0.30390625 0.47421875 0.01875 0.02578125
0 0.3109375 0.4953125 0.0140625 0.02578125
0 0.31640625 0.44140625 0.02265625 0.02734375
0 0.33046875 0.475 0.01953125 0.02890625
0 0.303125 0.40390625 0.02421875 0.03359375
0 0.35546875 0.4828125 0.02265625 0.03359375
0 0.3453125 0.46015625 0.0203125 0.0234375
0 0.33828125 0.43671875 0.0203125 0.028125
0 0.35078125 0.4234375 0.01640625 0.025
0 0.3609375 0.45078125 0.025 0.03046875
0 0.37265625 0.4328125 0.0140625 0.02265625
0 0.37890625 0.4515625 0.01484375 0.025
0 0.37734375 0.47265625 0.01640625 0.028125
0 0.403125 0.478125 0.01640625 0.0296875
0 0.41875 0.4359375 0.0234375 0.0296875
0 0.41484375 0.459375 0.02109375 0.0359375
0 0.43984375 0.47734375 0.01640625 0.0265625
0 0.45078125 0.465625 0.01796875 0.03203125
0 0.4625 0.48046875 0.01328125 0.02734375
0 0.47578125 0.4703125 0.02265625 0.03671875
0 0.4453125 0.4390625 0.02734375 0.02578125
0 0.47734375 0.43671875 0.01875 0.02421875
0 0.475 0.3953125 0.021875 0.02578125
0 0.49609375 0.478125 0.02421875 0.0375
0 0.4875 0.44609375 0.02109375 0.028125
0 0.51875 0.4234375 0.021875 0.02421875
0 0.5109375 0.48046875 0.0109375 0.03359375
0 0.5234375 0.484375 0.01640625 0.02578125
0 0.54140625 0.49375 0.0234375 0.0421875
0 0.5296875 0.465625 0.01171875 0.03046875
0 0.54375 0.44765625 0.02109375 0.0359375
0 0.55078125 0.4703125 0.01484375 0.02265625
0 0.5453125 0.41953125 0.02421875 0.02265625
0 0.565625 0.428125 0.01484375 0.021875
0 0.56796875 0.4578125 0.02109375 0.0328125
0 0.5671875 0.4921875 0.02421875 0.0359375
0 0.584375 0.48203125 0.0203125 0.0359375
0 0.58359375 0.50546875 0.00859375 0.025
0 0.5859375 0.41875 0.02109375 0.0234375
0 0.61640625 0.41640625 0.0171875 0.02890625
0 0.60703125 0.50859375 0.0125 0.015625
0 0.62109375 0.515625 0.015625 0.03046875
0 0.60546875 0.4578125 0.01328125 0.0234375
0 0.5921875 0.45390625 0.01640625 0.02578125
0 0.6171875 0.4828125 0.01953125 0.02890625
0 0.62265625 0.490625 0.01328125 0.02265625
0 0.63515625 0.4671875 0.021875 0.02734375
0 0.6 0.50390625 0.025 0.0390625
0 0.63359375 0.5 0.009375 0.0375
0 0.6484375 0.51875 0.01953125 0.03515625
0 0.65703125 0.54140625 0.01640625 0.0234375
0 0.6640625 0.52734375 0.015625 0.02109375
0 0.67890625 0.5265625 0.01796875 0.025
0 0.69375 0.51484375 0.0234375 0.034375
0 0.65390625 0.49765625 0.021875 0.0296875
0 0.64765625 0.44609375 0.01875 0.02734375
0 0.67734375 0.45703125 0.02421875 0.0296875
0 0.6875 0.4890625 0.02421875 0.028125
0 0.70859375 0.46640625 0.02578125 0.03203125
0 0.72265625 0.44453125 0.0234375 0.02890625
0 0.7171875 0.509375 0.021875 0.034375
0 0.72890625 0.5265625 0.02265625 0.0296875
0 0.73125 0.50390625 0.0203125 0.025
0 0.7484375 0.4953125 0.01328125 0.03359375
0 0.74140625 0.4578125 0.01796875 0.0203125
0 0.75625 0.45625 0.015625 0.028125
0 0.7640625 0.4140625 0.01796875 0.03671875
0 0.75703125 0.51953125 0.015625 0.03125
0 0.76953125 0.5375 0.0203125 0.03515625
0 0.7703125 0.49140625 0.01875 0.02890625
0 0.78828125 0.496875 0.01875 0.03828125
0 0.78671875 0.46953125 0.01484375 0.0265625
0 0.80390625 0.46328125 0.01875 0.0265625
0 0.80703125 0.49765625 0.0203125 0.02578125
0 0.80859375 0.534375 0.01875 0.0296875
0 0.78828125 0.5296875 0.0171875 0.028125
0 0.828125 0.503125 0.01875 0.02734375
0 0.8296875 0.53515625 0.01796875 0.0453125
0 0.85546875 0.528125 0.0140625 0.03515625
0 0.859375 0.55 0.0203125 0.03203125
0 0.88359375 0.54140625 0.0171875 0.025
0 0.8953125 0.5234375 0.01953125 0.03515625
0 0.88359375 0.4671875 0.02265625 0.0265625
0 0.88828125 0.49375 0.0203125 0.025
0 0.90625 0.49765625 0.02265625 0.02734375
0 0.9125 0.534375 0.01875 0.02890625
0 0.9265625 0.509375 0.01328125 0.021875
0 0.94609375 0.51875 0.01953125 0.02890625
0 0.95546875 0.5109375 0.0171875 0.034375
0 0.925 0.4828125 0.01484375 0.01953125
0 0.94609375 0.46328125 0.021875 0.0296875
0 0.9140625 0.45546875 0.0109375 0.01640625
0 0.9734375 0.51015625 0.01875 0.03515625
0 0.9828125 0.53046875 0.01875 0.03125
0 0.98515625 0.475 0.01875 0.01875
0 0.9875 0.51015625 0.0203125 0.02890625