0 0.0234375 0.68984375 0.02265625 0.03046875
0 0.01015625 0.6765625 0.0203125 0.025
0 0.05703125 0.6796875 0.02265625 0.0375
0 0.0359375 0.66328125 0.02109375 0.025
0 0.015625 0.6515625 0.01875 0.03046875
0 0.0296875 0.6390625 0.01796875 0.01796875
0 0.04609375 0.62890625 0.0234375 0.0328125
0 0.08046875 0.6640625 0.01953125 0.02734375
0 0.09765625 0.65390625 0.02109375 0.03515625
0 0.04921875 0.59765625 0.01953125 0.028125
0 0.07890625 0.61015625 0.02734375 0.028125
0 0.0921875 0.59609375 0.021875 0.02890625
0 0.0796875 0.6375 0.01875 0.03046875
0 0.10703125 0.6265625 0.02265625 0.03125
0 0.1125 0.65078125 0.0234375 0.03359375
0 0.12578125 0.65 0.0234375 0.03671875
0 0.11953125 0.61953125 0.0140625 0.028125
0 0.140625 0.64609375 0.0203125 0.03046875
0 0.13828125 0.61796875 0.02109375 0.02109375
0 0.128125 0.578125 0.01875 0.02421875
0 0.16015625 0.6109375 0.02578125 0.03046875
0 0.1578125 0.63984375 0.021875 0.03046875
0 0.17265625 0.64609375 0.01796875 0.028125
0 0.17890625 0.596875 0.02265625 0.03046875
0 0.1890625 0.6203125 0.0203125 0.03046875
0 0.20078125 0.63828125 0.0171875 0.03359375
0 0.21171875 0.65078125 0.02734375 0.03828125
0 0.22890625 0.64375 0.01875 0.0359375
0 0.190625 0.57578125 0.01640625 0.02890625
0 0.20859375 0.58203125 0.0234375 0.0265625
0 0.203125 0.60234375 0.02265625 0.03046875
0 0.14375 0.5453125 0.0203125 0.025
0 0.1828125 0.54375 0.01953125 0.0265625
0 0.246875 0.64140625 0.01796875 0.0390625
0 0.25703125 0.66171875 0.0203125 0.021875
0 0.275 0.678125 0.03046875 0.03046875
0 0.2234375 0.61484375 0.021875 0.03046875
0 0.2359375 0.60703125 0.021875 0.03359375
0 0.25859375 0.61171875 0.01796875 0.02890625
0 0.275 0.653125 0.02265625 0.028125
0 0.29609375 0.63671875 0.01796875 0.02578125
0 0.28359375 0.625 0.01796875 0.0359375
0 0.2703125 0.59296875 0.0203125 0.0234375
0 0.246875 0.58203125 0.0171875 0.0234375
0 0.26015625 0.55234375 0.01640625 0.0265625
0 0.28515625 0.5234375 0.021875 0.03125
0 0.29140625 0.59921875 0.0234375 0.0328125
0 0.303125 0.58984375 0.01796875 0.03046875
0 0.3265625 0.6234375 0.0203125 0.03125
0 0.30390625 0.61640625 0.01796875 0.0296875
0 0.33203125 0.59296875 0.02421875 0.04765625
0 0.35078125 0.59765625 0.02265625 0.03359375
0 0.3515625 0.55390625 0.0140625 0.0265625
0 0.35859375 0.56875 0.0234375 0.03125
0 0.37734375 0.58125 0.02109375 0.0296875
0 0.36953125 0.59765625 0.025 0.02890625
0 0.3953125 0.5890625 0.0203125 0.03125
0 0.36875 0.54140625 0.02265625 0.03046875
0 0.38515625 0.54765625 0.0234375 0.0171875
0 0.396875 0.5671875 0.03046875 0.025
0 0.378125 0.521875 0.01796875 0.03203125
0 0.39453125 0.515625 0.01796875 0.02734375
0 0.39765625 0.5390625 0.01875 0.01953125
0 0.41640625 0.55078125 0.01796875 0.02890625
0 0.4171875 0.53125 0.0234375 0.025
0 0.42578125 0.49296875 0.01875 0.03046875
0 0.43984375 0.53671875 0.0203125 0.03046875
0 0.4609375 0.54453125 0.02890625 0.03828125
0 0.48125 0.55078125 0.0234375 0.02890625
0 0.47734375 0.53046875 0.02421875 0.03203125
0 0.4703125 0.51015625 0.01953125 0.03359375
0 0.45546875 0.484375 0.02421875 0.02890625
0 0.490625 0.52734375 0.01796875 0.02734375
0 0.50546875 0.52421875 0.0140625 0.028125
0 0.5109375 0.53984375 0.01484375 0.025
0 0.521875 0.5359375 0.01953125 0.03203125
0 0.51328125 0.4578125 0.0234375 0.02578125
0 0.5359375 0.45546875 0.0171875 0.0296875
0 0.55078125 0.5125 0.01796875 0.03046875
0 0.5609375 0.53203125 0.02421875 0.03046875
0 0.565625 0.51171875 0.03125 0.053125
0 0.57265625 0.484375 0.0234375 0.03046875
0 0.559375 0.44453125 0.0203125 0.02265625
0 0.58125 0.44765625 0.02109375 0.034375
0 0.59140625 0.475 0.02109375 0.02734375
0 0.60390625 0.51015625 0.01875 0.03046875
0 0.61328125 0.4921875 0.02109375 0.03203125
0 0.634375 0.484375 0.0203125 0.0328125
0 0.63046875 0.43984375 0.01875 0.021875
0 0.64609375 0.44609375 0.02421875 0.02421875
0 0.640625 0.46171875 0.01875 0.02265625
0 0.6609375 0.4703125 0.0265625 0.03828125
0 0.7078125 0.459375 0.02109375 0.0296875
0 0.696875 0.475 0.0234375 0.0265625
0 0.75 0.46640625 0.0203125 0.02734375
0 0.7203125 0.425 0.02421875 0.0578125
0 0.73984375 0.44140625 0.01640625 0.040625
0 0.76015625 0.440625 0.01953125 0.0359375
0 0.78046875 0.4265625 0.02421875 0.03125
0 0.77890625 0.3828125 0.02109375 0.03984375
0 0.8015625 0.41796875 0.021875 0.03671875
0 0.8171875 0.41484375 0.0171875 0.02890625
0 0.8328125 0.4140625 0.015625 0.0296875
0 0.825 0.37890625 0.02421875 0.03984375
0 0.8453125 0.403125 0.015625 0.03828125
0 0.80234375 0.3515625 0.01640625 0.02421875
0 0.8375 0.33203125 0.01328125 0.02734375
0 0.8546875 0.32734375 0.01796875 0.028125
0 0.87421875 0.34375 0.01796875 0.02890625
0 0.8515625 0.38046875 0.01171875 0.028125
0 0.86484375 0.3625 0.01484375 0.021875
0 0.8734375 0.378125 0.01640625 0.0328125
0 0.896875 0.35859375 0.02109375 0.034375
0 0.896875 0.4265625 0.02109375 0.0296875
0 0.9265625 0.42578125 0.03984375 0.05078125
0 0.9328125 0.453125 0.0171875 0.0171875
0 0.94296875 0.39453125 0.0203125 0.028125
0 0.9421875 0.371875 0.02109375 0.02265625
0 0.959375 0.36953125 0.01796875 0.028125
0 0.96953125 0.3546875 0.015625 0.0265625
0 0.9890625 0.3640625 0.0203125 0.02578125
0 0.9171875 0.35703125 0.01875 0.0296875
0 0.94140625 0.28203125 0.01953125 0.02578125
0 0.97421875 0.321875 0.0171875 0.02578125
0 0.884375 0.38515625 0.01484375 0.0328125
0 0.934375 0.34140625 0.021875 0.0296875
0 0.95859375 0.396875 0.0171875 0.034375
0 0.740625 0.41171875 0.01484375 0.0234375
0 0.6109375 0.46171875 0.01640625 0.0234375