0 0.00625 0.64609375 0.01171875 0.025
0 0.04296875 0.6234375 0.01953125 0.028125
0 0.06875 0.60859375 0.01875 0.0296875
0 0.0203125 0.5984375 0.0203125 0.03125
0 0.03359375 0.5703125 0.01328125 0.0203125
0 0.0359375 0.61796875 0.01875 0.03359375
0 0.05625 0.55078125 0.02265625 0.02734375
0 0.0609375 0.565625 0.02109375 0.0265625
0 0.06953125 0.58359375 0.021875 0.021875
0 0.0765625 0.5546875 0.015625 0.0234375
0 0.0984375 0.56796875 0.01953125 0.0328125
0 0.09296875 0.6015625 0.01796875 0.025
0 0.1078125 0.5859375 0.01328125 0.0265625
0 0.12578125 0.59296875 0.02734375 0.02890625
0 0.12109375 0.5234375 0.02109375 0.03046875
0 0.11328125 0.54765625 0.02265625 0.021875
0 0.121875 0.5703125 0.02265625 0.02890625
0 0.1390625 0.58203125 0.0140625 0.03515625
0 0.15078125 0.5828125 0.0140625 0.0265625
0 0.16484375 0.5109375 0.02109375 0.03203125
0 0.153125 0.55546875 0.02421875 0.03203125
0 0.171875 0.5828125 0.0265625 0.03515625
0 0.1859375 0.56640625 0.01640625 0.0421875
0 0.175 0.53125 0.01875 0.0296875
0 0.209375 0.57109375 0.0171875 0.02734375
0 0.20703125 0.546875 0.02109375 0.03046875
0 0.19921875 0.52421875 0.01796875 0.02578125
0 0.21015625 0.51640625 0.01484375 0.02109375
0 0.24375 0.5640625 0.0171875 0.02578125
0 0.2609375 0.5640625 0.015625 0.025
0 0.25859375 0.540625 0.01953125 0.0265625
0 0.2390625 0.54140625 0.01875 0.03359375
0 0.23125 0.51796875 0.01875 0.0328125
0 0.2359375 0.47890625 0.01484375 0.02734375
0 0.26171875 0.51015625 0.0234375 0.034375
0 0.28359375 0.525 0.025 0.034375
0 0.2734375 0.53828125 0.01328125 0.02578125
0 0.2890625 0.46328125 0.01953125 0.03125
0 0.309375 0.51484375 0.015625 0.02734375
0 0.3140625 0.53046875 0.0171875 0.0203125
0 0.325 0.54375 0.0140625 0.0296875
0 0.3390625 0.5140625 0.01796875 0.03046875
0 0.34453125 0.540625 0.02421875 0.025
0 0.365625 0.52890625 0.01171875 0.03359375
0 0.36171875 0.49140625 0.01640625 0.02890625
0 0.35078125 0.45390625 0.02109375 0.02734375
0 0.3796875 0.47421875 0.0203125 0.02890625
0 0.3734375 0.521875 0.0140625 0.040625
0 0.396875 0.4765625 0.0171875 0.0265625
0 0.40546875 0.53046875 0.009375 0.0296875
0 0.4046875 0.55 0.01875 0.01875
0 0.3921875 0.43046875 0.02421875 0.0359375
0 0.396875 0.496875 0.01875 0.0203125
0 0.44609375 0.47421875 0.02109375 0.02734375
0 0.4515625 0.45625 0.01640625 0.02109375
0 0.46640625 0.51015625 0.01796875 0.0234375
0 0.4484375 0.51171875 0.0171875 0.02734375
0 0.43125 0.5140625 0.01953125 0.0265625
0 0.4703125 0.4796875 0.01796875 0.02890625
0 0.48984375 0.471875 0.0234375 0.02734375
0 0.48359375 0.44921875 0.02421875 0.02890625
0 0.4859375 0.53046875 0.01875 0.046875
0 0.509375 0.52421875 0.02265625 0.0484375
0 0.52109375 0.534375 0.021875 0.0421875
0 0.553125 0.53359375 0.0171875 0.034375
0 0.5703125 0.51953125 0.02421875 0.03828125
0 0.54296875 0.515625 0.01484375 0.0171875
0 0.55234375 0.49453125 0.0109375 0.01796875
0 0.5296875 0.4125 0.0140625 0.0265625
0 0.5671875 0.43984375 0.02421875 0.02890625
0 0.60859375 0.5203125 0.0203125 0.0265625
0 0.61796875 0.534375 0.0171875 0.0296875
0 0.615625 0.5046875 0.01953125 0.0234375
0 0.6328125 0.5 0.0234375 0.03203125
0 0.65078125 0.50546875 0.01875 0.025
0 0.6359375 0.53515625 0.0203125 0.03984375
0 0.6453125 0.54765625 0.02109375 0.03125
0 0.5890625 0.52734375 0.01484375 0.03046875
0 0.6296875 0.44921875 0.021875 0.02109375
0 0.646875 0.465625 0.01875 0.025
0 0.66171875 0.4796875 0.025 0.03046875
0 0.67421875 0.49609375 0.0140625 0.01953125
0 0.68203125 0.47265625 0.0203125 0.0234375
0 0.6765625 0.4109375 0.0171875 0.0296875
0 0.671875 0.55078125 0.0234375 0.03515625
0 0.6796875 0.56171875 0.02265625 0.02734375
0 0.70234375 0.48671875 0.01875 0.02578125
0 0.68828125 0.5109375 0.01015625 0.01796875
0 0.68984375 0.5359375 0.01875 0.02265625
0 0.7015625 0.55703125 0.0234375 0.0328125
0 0.690625 0.575 0.0171875 0.02421875
0 0.7078125 0.5828125 0.025 0.03515625
0 0.75 0.5171875 0.021875 0.0265625
0 0.740625 0.58359375 0.0203125 0.0375
0 0.75234375 0.590625 0.021875 0.03515625
0 0.765625 0.56484375 0.02109375 0.03046875
0 0.771875 0.58125 0.01484375 0.0234375
0 0.78515625 0.5375 0.02109375 0.03359375
0 0.81015625 0.52109375 0.01484375 0.015625
0 0.8078125 0.54140625 0.01953125 0.028125
0 0.796875 0.575 0.0203125 0.028125
0 0.81640625 0.57109375 0.01875 0.02265625
0 0.834375 0.53671875 0.02421875 0.03125
0 0.8375 0.58046875 0.0234375 0.03359375
0 0.80625 0.615625 0.0265625 0.03359375
0 0.82421875 0.64140625 0.02109375 0.03203125
0 0.86015625 0.59453125 0.021875 0.02421875
0 0.86640625 0.5640625 0.01640625 0.02109375
0 0.8671875 0.653125 0.0140625 0.015625
0 0.90390625 0.61484375 0.01875 0.02578125
0 0.92578125 0.6078125 0.01640625 0.02734375
0 0.91953125 0.6265625 0.015625 0.03046875
0 0.91875 0.65234375 0.0140625 0.02109375
0 0.91171875 0.67578125 0.02109375 0.03203125
0 0.89453125 0.66484375 0.02734375 0.040625
0 0.928125 0.70234375 0.021875 0.03203125
0 0.93203125 0.671875 0.021875 0.03359375
0 0.9515625 0.6953125 0.01796875 0.059375
0 0.95 0.59921875 0.01640625 0.0234375
0 0.953125 0.62421875 0.02109375 0.02734375
0 0.97734375 0.63203125 0.01953125 0.02578125
0 0.97421875 0.690625 0.01953125 0.03125
0 0.96796875 0.71953125 0.01953125 0.02890625
0 0.98125 0.73203125 0.02109375 0.03359375
0 0.98359375 0.709375 0.01484375 0.02109375
0 0.99296875 0.61015625 0.0140625 0.0203125