0 0.02734375 0.6125 0.01640625 0.034375
0 0.01484375 0.5921875 0.0203125 0.03046875
0 0.0515625 0.6171875 0.0203125 0.03125
0 0.00703125 0.54609375 0.0140625 0.0265625
0 0.0234375 0.5515625 0.01875 0.02734375
0 0.040625 0.53671875 0.02265625 0.03125
0 0.04453125 0.57421875 0.0203125 0.0359375
0 0.06015625 0.59140625 0.021875 0.021875
0 0.08203125 0.59453125 0.01953125 0.03203125
0 0.07421875 0.55625 0.0171875 0.025
0 0.0640625 0.53828125 0.0140625 0.025
0 0.1140625 0.540625 0.01875 0.02421875
0 0.0921875 0.5375 0.01484375 0.034375
0 0.1125 0.56484375 0.02578125 0.0296875
0 0.1625 0.5640625 0.0171875 0.0328125
0 0.134375 0.56328125 0.01875 0.02890625
0 0.13046875 0.5171875 0.02109375 0.02734375
0 0.13203125 0.534375 0.02109375 0.02265625
0 0.1703125 0.525 0.01796875 0.0265625
0 0.17734375 0.53125 0.0234375 0.01484375
0 0.15703125 0.5125 0.01171875 0.01640625
0 0.17890625 0.54921875 0.02578125 0.025
0 0.1875 0.57890625 0.021875 0.03125
0 0.19609375 0.5703125 0.02109375 0.0296875
0 0.2078125 0.56015625 0.02421875 0.034375
0 0.225 0.5578125 0.0171875 0.034375
0 0.24140625 0.55625 0.0171875 0.03203125
0 0.20390625 0.52734375 0.01953125 0.0296875
0 0.21171875 0.49921875 0.021875 0.03125
0 0.23125 0.53515625 0.0171875 0.025
0 0.24765625 0.52421875 0.02421875 0.03515625
0 0.23125 0.49765625 0.015625 0.02265625
0 0.2484375 0.49296875 0.02109375 0.02734375
0 0.25859375 0.5484375 0.01875 0.02734375
0 0.271875 0.53046875 0.01640625 0.03515625
0 0.27578125 0.546875 0.01875 0.03125
0 0.30078125 0.54609375 0.01796875 0.02421875
0 0.2921875 0.52734375 0.0203125 0.0421875
0 0.278125 0.503125 0.0140625 0.0171875
0 0.2765625 0.4875 0.0171875 0.02109375
0 0.26953125 0.47734375 0.01875 0.015625
0 0.26953125 0.459375 0.02109375 0.0234375
0 0.30703125 0.48125 0.025 0.0234375
0 0.30703125 0.5078125 0.028125 0.03125
0 0.33125 0.5375 0.0203125 0.03046875
0 0.34765625 0.54765625 0.021875 0.03046875
0 0.36796875 0.54609375 0.0203125 0.02578125
0 0.35546875 0.52734375 0.01796875 0.02421875
0 0.34375 0.50703125 0.02109375 0.03203125
0 0.325 0.4984375 0.01015625 0.03203125
0 0.334375 0.47578125 0.0203125 0.028125
0 0.375 0.503125 0.0234375 0.0265625
0 0.37890625 0.53125 0.01328125 0.02734375
0 0.3921875 0.52734375 0.0203125 0.0421875
0 0.4125 0.53125 0.021875 0.04375
0 0.390625 0.478125 0.01796875 0.01875
0 0.4 0.48828125 0.01796875 0.02890625
0 0.42109375 0.48984375 0.01953125 0.021875
0 0.421875 0.46484375 0.01953125 0.0234375
0 0.43984375 0.47109375 0.01875 0.0359375
0 0.43515625 0.50546875 0.01640625 0.025
0 0.45390625 0.503125 0.015625 0.025
0 0.44921875 0.52734375 0.01875 0.02578125
0 0.465625 0.51875 0.015625 0.03671875
0 0.46171875 0.48984375 0.02109375 0.025
0 0.48046875 0.51328125 0.01875 0.03203125
0 0.48125 0.53515625 0.01640625 0.02578125
0 0.484375 0.5515625 0.01953125 0.021875
0 0.49609375 0.521875 0.01953125 0.0328125
0 0.50390625 0.54375 0.0125 0.01484375
0 0.51015625 0.515625 0.0140625 0.04296875
0 0.51796875 0.48046875 0.021875 0.028125
0 0.48984375 0.440625 0.02109375 0.0265625
0 0.52265625 0.50234375 0.01171875 0.021875
0 0.54140625 0.49453125 0.01875 0.0234375
0 0.55234375 0.50625 0.0140625 0.028125
0 0.54140625 0.51484375 0.0140625 0.02890625
0 0.5515625 0.534375 0.01640625 0.03203125
0 0.57109375 0.5375 0.02265625 0.03984375
0 0.58359375 0.5140625 0.0203125 0.03203125
0 0.6015625 0.53984375 0.01796875 0.03125
0 0.61796875 0.53515625 0.02109375 0.03671875
0 0.60703125 0.515625 0.01796875 0.01640625
0 0.56640625 0.4875 0.01796875 0.0234375
0 0.58359375 0.47265625 0.0265625 0.03203125
0 0.6015625 0.490625 0.0234375 0.02578125
0 0.54921875 0.46796875 0.01953125 0.03203125
0 0.61640625 0.459375 0.01953125 0.021875
0 0.634375 0.51015625 0.0171875 0.02109375
0 0.64453125 0.53828125 0.021875 0.02421875
0 0.646875 0.5625 0.025 0.03125
0 0.671875 0.4625 0.0234375 0.02890625
0 0.68515625 0.48515625 0.01328125 0.0265625
0 0.70078125 0.49921875 0.01171875 0.0171875
0 0.69140625 0.5390625 0.021875 0.03046875
0 0.6765625 0.54921875 0.01328125 0.03515625
0 0.66875 0.5609375 0.01328125 0.01640625
0 0.69609375 0.5625 0.0265625 0.034375
0 0.71640625 0.55390625 0.0171875 0.03359375
0 0.73203125 0.54921875 0.01875 0.03046875
0 0.7203125 0.509375 0.0203125 0.02734375
0 0.74765625 0.53984375 0.0203125 0.03359375
0 0.76640625 0.5796875 0.02421875 0.03671875
0 0.76328125 0.525 0.01796875 0.0375
0 0.778125 0.53515625 0.015625 0.03515625
0 0.7859375 0.5203125 0.0171875 0.0296875
0 0.77578125 0.5 0.0234375 0.03359375
0 0.76796875 0.46875 0.01875 0.028125
0 0.78203125 0.5640625 0.01796875 0.04296875
0 0.803125 0.55625 0.028125 0.03828125
0 0.81796875 0.54296875 0.0203125 0.03203125
0 0.8328125 0.57421875 0.025 0.02578125
0 0.8515625 0.56171875 0.01875 0.04296875
0 0.80078125 0.521875 0.02109375 0.028125
0 0.8015625 0.49765625 0.0171875 0.0234375
0 0.8234375 0.51484375 0.021875 0.0265625
0 0.8453125 0.51640625 0.01953125 0.0328125
0 0.85703125 0.490625 0.01640625 0.02109375
0 0.871875 0.5171875 0.01875 0.03671875
0 0.8875 0.5359375 0.01953125 0.025
0 0.86953125 0.5859375 0.01875 0.0328125
0 0.8890625 0.478125 0.01953125 0.02578125
0 0.9078125 0.5140625 0.0203125 0.03046875
0 0.9109375 0.540625 0.02578125 0.0375
0 0.91796875 0.57109375 0.021875 0.0328125
0 0.9375 0.57890625 0.01875 0.04296875
0 0.96328125 0.5703125 0.01875 0.0296875
0 0.96875 0.55234375 0.02109375 0.0359375
0 0.98828125 0.54921875 0.0234375 0.040625
0 0.99140625 0.58125 0.0171875 0.034375
0 0.95546875 0.5375 0.01875 0.0296875
0 0.94140625 0.54609375 0.01953125 0.0359375
0 0.9328125 0.49140625 0.021875 0.03515625
0 0.9609375 0.503125 0.02421875 0.03984375
0 0.91328125 0.4921875 0.01640625 0.02109375
0 0.3203125 0.45859375 0.01796875 0.02109375
0 0.103125 0.51484375 0.01171875 0.01328125