0 0.00859375 0.49765625 0.01640625 0.0359375
0 0.01796875 0.475 0.02578125 0.0375
0 0.07109375 0.49140625 0.03125 0.03046875
0 0.03984375 0.46640625 0.021875 0.0265625
0 0.0375 0.43828125 0.021875 0.03828125
0 0.01015625 0.44453125 0.01953125 0.04140625
0 0.015625 0.41015625 0.02109375 0.0390625
0 0.078125 0.46640625 0.025 0.03515625
0 0.059375 0.46796875 0.01953125 0.03359375
0 0.05546875 0.45234375 0.02109375 0.02578125
0 0.0578125 0.421875 0.03125 0.03671875
0 0.08671875 0.428125 0.02890625 0.03515625
0 0.10234375 0.44609375 0.01640625 0.03203125
0 0.1078125 0.4734375 0.02265625 0.034375
0 0.13359375 0.48359375 0.025 0.03515625
0 0.13828125 0.45703125 0.02421875 0.03125
0 0.12421875 0.43046875 0.0234375 0.03984375
0 0.1078125 0.4171875 0.01796875 0.03359375
0 0.14140625 0.43046875 0.01875 0.02578125
0 0.15390625 0.44453125 0.0265625 0.021875
0 0.165625 0.46484375 0.0203125 0.03046875
0 0.1875 0.465625 0.02421875 0.03359375
0 0.16328125 0.428125 0.02890625 0.02109375
0 0.1421875 0.3828125 0.03125 0.0296875
0 0.1734375 0.40390625 0.0203125 0.03125
0 0.17578125 0.44296875 0.015625 0.025
0 0.19375 0.43828125 0.02421875 0.02734375
0 0.21328125 0.4578125 0.028125 0.0375
0 0.234375 0.46875 0.02109375 0.03046875
0 0.215625 0.3921875 0.0234375 0.03125
0 0.22265625 0.42109375 0.02109375 0.0296875
0 0.25 0.415625 0.01953125 0.03203125
0 0.25 0.453125 0.0265625 0.03515625
0 0.24921875 0.37734375 0.01953125 0.03046875
0 0.2671875 0.4 0.025 0.03125
0 0.2734375 0.42265625 0.0203125 0.02578125
0 0.29140625 0.403125 0.02265625 0.0296875
0 0.29609375 0.43046875 0.01953125 0.028125
0 0.28828125 0.45703125 0.01875 0.0375
0 0.271875 0.4546875 0.01328125 0.03671875
0 0.30703125 0.4578125 0.0203125 0.03359375
0 0.328125 0.4640625 0.02890625 0.03671875
0 0.31171875 0.38828125 0.025 0.0359375
0 0.31953125 0.42734375 0.0171875 0.01796875
0 0.32578125 0.415625 0.0203125 0.02109375
0 0.3390625 0.4046875 0.02265625 0.028125
0 0.34921875 0.4015625 0.015625 0.02734375
0 0.34453125 0.43671875 0.01484375 0.0328125
0 0.35234375 0.4734375 0.021875 0.034375
0 0.36171875 0.45625 0.0234375 0.0203125
0 0.36796875 0.396875 0.01875 0.028125
0 0.39453125 0.40078125 0.0265625 0.0359375
0 0.41640625 0.46484375 0.03203125 0.04765625
0 0.421875 0.4171875 0.025 0.03984375
0 0.3921875 0.4625 0.02578125 0.0390625
0 0.44296875 0.46171875 0.02109375 0.03203125
0 0.4546875 0.4359375 0.021875 0.04296875
0 0.478125 0.4484375 0.01796875 0.0328125
0 0.4875 0.4765625 0.01640625 0.04140625
0 0.51015625 0.453125 0.01875 0.0359375
0 0.496875 0.41328125 0.02578125 0.03359375
0 0.54375 0.40234375 0.0234375 0.03359375
0 0.53125 0.44921875 0.0171875 0.03125
0 0.5234375 0.41640625 0.021875 0.02578125
0 0.53203125 0.4828125 0.025 0.03359375
0 0.546875 0.45234375 0.02421875 0.03125
0 0.5515625 0.4796875 0.02734375 0.03515625
0 0.56953125 0.48671875 0.01484375 0.03359375
0 0.565625 0.45390625 0.0234375 0.02890625
0 0.57734375 0.425 0.02421875 0.03515625
0 0.57890625 0.48671875 0.01328125 0.02890625
0 0.5921875 0.4984375 0.021875 0.0359375
0 0.6125 0.48125 0.015625 0.0375
0 0.61484375 0.44609375 0.02421875 0.028125
0 0.6046875 0.4046875 0.0171875 0.03046875
0 0.63359375 0.47421875 0.02421875 0.0484375
0 0.646875 0.490625 0.02265625 0.0359375
0 0.66328125 0.45703125 0.0296875 0.03671875
0 0.67265625 0.48828125 0.02578125 0.0265625
0 0.665625 0.39765625 0.02421875 0.03515625
0 0.69296875 0.46953125 0.025 0.034375
0 0.6984375 0.4984375 0.02578125 0.02734375
0 0.69921875 0.51640625 0.01875 0.02109375
0 0.71796875 0.51484375 0.021875 0.04296875
0 0.7390625 0.54140625 0.0203125 0.03515625
0 0.740625 0.521875 0.02421875 0.03125
0 0.7203125 0.47890625 0.02578125 0.03125
0 0.734375 0.490625 0.01875 0.0296875
0 0.7484375 0.4640625 0.02890625 0.03203125
0 0.75234375 0.49140625 0.02265625 0.03046875
0 0.77265625 0.48515625 0.02109375 0.03515625
0 0.79140625 0.51328125 0.02578125 0.02890625
0 0.765625 0.52265625 0.01875 0.02578125
0 0.7578125 0.55703125 0.02421875 0.03125
0 0.77421875 0.5421875 0.02421875 0.040625
0 0.7921875 0.5640625 0.02421875 0.0390625
0 0.8 0.590625 0.0203125 0.02890625
0 0.82265625 0.6046875 0.0171875 0.02890625
0 0.834375 0.6015625 0.02890625 0.04296875
0 0.8296875 0.503125 0.02421875 0.03359375
0 0.81015625 0.49296875 0.0171875 0.028125
0 0.8296875 0.55703125 0.01796875 0.0234375
0 0.85078125 0.5609375 0.021875 0.03125
0 0.859375 0.54296875 0.0203125 0.03359375
0 0.8546875 0.61875 0.02890625 0.03046875
0 0.865625 0.5953125 0.025 0.0328125
0 0.88359375 0.5734375 0.0234375 0.03515625
0 0.90625 0.565625 0.02109375 0.03203125
0 0.8984375 0.60234375 0.0203125 0.03671875
0 0.91796875 0.60859375 0.01875 0.040625
0 0.8921875 0.63515625 0.0234375 0.03203125
0 0.91796875 0.65390625 0.021875 0.03515625
0 0.94140625 0.66171875 0.02265625 0.03984375
0 0.928125 0.57578125 0.01953125 0.02265625
0 0.921875 0.5140625 0.0234375 0.0421875
0 0.9703125 0.59296875 0.03046875 0.0390625
0 0.9546875 0.6234375 0.021875 0.028125
0 0.97265625 0.63671875 0.025 0.03046875
0 0.9625 0.684375 0.01953125 0.03203125
0 0.978125 0.67890625 0.0203125 0.02734375
0 0.98828125 0.66171875 0.0234375 0.02734375
0 0.98671875 0.7015625 0.0265625 0.05
0 0.9484375 0.57109375 0.01640625 0.0296875
0 0.93125 0.60625 0.01484375 0.03671875
0 0.8734375 0.53515625 0.02734375 0.03828125
0 0.14921875 0.41015625 0.021875 0.03125