0 0.00625 0.65703125 0.01171875 0.028125
0 0.0296875 0.665625 0.01484375 0.0171875
0 0.0265625 0.64296875 0.0203125 0.0359375
0 0.03828125 0.62890625 0.01875 0.03828125
0 0.05234375 0.63671875 0.01875 0.0296875
0 0.0578125 0.6203125 0.02109375 0.0375
0 0.0140625 0.6296875 0.015625 0.0359375
0 0.03046875 0.609375 0.01484375 0.0265625
0 0.0359375 0.59296875 0.01953125 0.0265625
0 0.0171875 0.58984375 0.0171875 0.02734375
0 0.00703125 0.6078125 0.0125 0.03671875
0 0.06640625 0.609375 0.01953125 0.02578125
0 0.05625 0.584375 0.015625 0.0203125
0 0.071875 0.5890625 0.0140625 0.0203125
0 0.07890625 0.60546875 0.01875 0.03203125
0 0.08828125 0.62421875 0.015625 0.034375
0 0.1078125 0.61953125 0.01953125 0.04375
0 0.12265625 0.61328125 0.01640625 0.03203125
0 0.09296875 0.59296875 0.01796875 0.025
0 0.0953125 0.56875 0.02109375 0.02890625
0 0.0671875 0.52890625 0.01875 0.02578125
0 0.096875 0.5359375 0.01796875 0.02421875
0 0.11640625 0.584375 0.02109375 0.04375
0 0.1390625 0.60390625 0.01484375 0.04765625
0 0.15390625 0.55078125 0.01484375 0.03046875
0 0.165625 0.55546875 0.01328125 0.0265625
0 0.1546875 0.5875 0.01328125 0.0203125
0 0.16328125 0.59609375 0.01953125 0.0453125
0 0.159375 0.61640625 0.02109375 0.02421875
0 0.14375 0.53671875 0.0265625 0.021875
0 0.1890625 0.59296875 0.01484375 0.03515625
0 0.1796875 0.5703125 0.01953125 0.03125
0 0.20546875 0.5890625 0.0203125 0.0359375
0 0.19921875 0.5625 0.0171875 0.03046875
0 0.21875 0.5859375 0.01484375 0.04140625
0 0.23359375 0.58984375 0.01796875 0.0421875
0 0.2296875 0.56953125 0.01796875 0.02421875
0 0.246875 0.590625 0.01875 0.040625
0 0.1828125 0.53203125 0.015625 0.02734375
0 0.1984375 0.53203125 0.0140625 0.01796875
0 0.21875 0.5203125 0.021875 0.03125
0 0.24453125 0.55 0.015625 0.0296875
0 0.25625 0.5703125 0.01640625 0.02734375
0 0.28046875 0.584375 0.01484375 0.0265625
0 0.25546875 0.5375 0.02421875 0.0296875
0 0.24375 0.51796875 0.02109375 0.02421875
0 0.24375 0.4921875 0.01328125 0.034375
0 0.2703125 0.50625 0.0171875 0.02109375
0 0.30234375 0.5734375 0.01953125 0.0265625
0 0.2921875 0.55859375 0.01328125 0.02109375
0 0.2765625 0.553125 0.01875 0.04453125
0 0.3046875 0.53984375 0.025 0.0375
0 0.30078125 0.5109375 0.01484375 0.02421875
0 0.32734375 0.5296875 0.015625 0.03828125
0 0.33515625 0.53125 0.01171875 0.04765625
0 0.3640625 0.54140625 0.01875 0.03359375
0 0.35625 0.565625 0.01328125 0.025
0 0.3734375 0.56640625 0.0171875 0.028125
0 0.35859375 0.49296875 0.01328125 0.028125
0 0.37734375 0.4921875 0.0140625 0.0296875
0 0.38359375 0.46796875 0.015625 0.02421875
0 0.38203125 0.5234375 0.01875 0.0453125
0 0.4015625 0.553125 0.01875 0.03671875
0 0.41796875 0.5203125 0.028125 0.05
0 0.4203125 0.54921875 0.015625 0.03515625
0 0.44453125 0.5421875 0.02421875 0.0328125
0 0.4640625 0.54453125 0.015625 0.0359375
0 0.425 0.48828125 0.01796875 0.0296875
0 0.4 0.4765625 0.01328125 0.0328125
0 0.44453125 0.49765625 0.01796875 0.03046875
0 0.4578125 0.51484375 0.0203125 0.0359375
0 0.46875 0.490625 0.01953125 0.021875
0 0.4859375 0.50546875 0.01953125 0.03203125
0 0.50625 0.54375 0.02265625 0.0375
0 0.5140625 0.5265625 0.025 0.04609375
0 0.50859375 0.4859375 0.015625 0.02265625
0 0.528125 0.47265625 0.0203125 0.0265625
0 0.5296875 0.49375 0.01875 0.025
0 0.53515625 0.51640625 0.021875 0.05234375
0 0.5421875 0.53359375 0.0171875 0.0375
0 0.55390625 0.4859375 0.01640625 0.025
0 0.56171875 0.43671875 0.01796875 0.025
0 0.58828125 0.4984375 0.01640625 0.0296875
0 0.60234375 0.49609375 0.0203125 0.02734375
0 0.5890625 0.51484375 0.028125 0.03359375
0 0.57265625 0.53515625 0.021875 0.04921875
0 0.59375 0.4640625 0.0234375 0.03125
0 0.62109375 0.4796875 0.01953125 0.03671875
0 0.63359375 0.49453125 0.0203125 0.03046875
0 0.62890625 0.5296875 0.01875 0.0296875
0 0.6328125 0.55078125 0.0234375 0.03046875
0 0.6640625 0.53515625 0.01953125 0.0265625
0 0.65703125 0.56484375 0.02265625 0.0359375
0 0.6703125 0.55625 0.02109375 0.03203125
0 0.65234375 0.49140625 0.01796875 0.0265625
0 0.684375 0.48984375 0.0203125 0.0421875
0 0.6890625 0.5296875 0.01640625 0.0296875
0 0.70625 0.54296875 0.01796875 0.02421875
0 0.69609375 0.578125 0.015625 0.04140625
0 0.72578125 0.571875 0.01875 0.03671875
0 0.72421875 0.528125 0.0234375 0.03125
0 0.74609375 0.4796875 0.01796875 0.02421875
0 0.73671875 0.4984375 0.0140625 0.02109375
0 0.75703125 0.50859375 0.01875 0.03046875
0 0.75234375 0.56328125 0.01796875 0.028125
0 0.75078125 0.584375 0.0125 0.02421875
0 0.7625 0.571875 0.01796875 0.0328125
0 0.78203125 0.58203125 0.01953125 0.0296875
0 0.78828125 0.55546875 0.02265625 0.03046875
0 0.79609375 0.5921875 0.01796875 0.0265625
0 0.8015625 0.565625 0.0203125 0.03046875
0 0.8125 0.5578125 0.01796875 0.02734375
0 0.81015625 0.58984375 0.01171875 0.0296875
0 0.8203125 0.59453125 0.01328125 0.0328125
0 0.82890625 0.58984375 0.0203125 0.03515625
0 0.8421875 0.6 0.01484375 0.0265625
0 0.85625 0.5984375 0.01171875 0.03828125
0 0.8390625 0.56484375 0.01796875 0.02578125
0 0.84375 0.51875 0.0171875 0.0328125
0 0.82421875 0.515625 0.01796875 0.01953125
0 0.80859375 0.50234375 0.021875 0.03203125
0 0.8 0.46484375 0.01953125 0.0296875
0 0.86953125 0.6171875 0.01328125 0.02109375
0 0.88671875 0.609375 0.01640625 0.03515625
0 0.89921875 0.6140625 0.01953125 0.03203125
0 0.91484375 0.61640625 0.0171875 0.03125
0 0.8828125 0.58359375 0.01484375 0.02578125
0 0.90859375 0.58984375 0.01875 0.03359375
0 0.86796875 0.515625 0.02578125 0.02890625
0 0.871875 0.54296875 0.02578125 0.0375
0 0.909375 0.53203125 0.01875 0.02734375
0 0.921875 0.51953125 0.0203125 0.0296875
0 0.9453125 0.56953125 0.01796875 0.03203125
0 0.946875 0.61640625 0.0203125 0.025
0 0.96015625 0.625 0.01328125 0.01484375
0 0.93671875 0.60625 0.02890625 0.0359375
0 0.928125 0.63984375 0.01640625 0.028125
0 0.95 0.5296875 0.02109375 0.03203125
0 0.9671875 0.5125 0.01953125 0.02890625
0 0.975 0.55 0.0234375 0.025
0 0.97265625 0.57109375 0.02109375 0.025
0 0.9796875 0.5953125 0.01796875 0.03671875
0 0.95625 0.59609375 0.02109375 0.04140625
0 0.99609375 0.58203125 0.0078125 0.0328125