0 0.009375 0.53046875 0.01875 0.0359375
0 0.025 0.5265625 0.02109375 0.03515625
0 0.040625 0.51875 0.02578125 0.034375
0 0.03515625 0.49453125 0.025 0.02578125
0 0.0484375 0.47421875 0.021875 0.025
0 0.08125 0.4890625 0.02109375 0.02890625
0 0.0765625 0.53515625 0.021875 0.02734375
0 0.08671875 0.4546875 0.0171875 0.01796875
0 0.1234375 0.47734375 0.01953125 0.021875
0 0.0984375 0.503125 0.01953125 0.02109375
0 0.0703125 0.5203125 0.015625 0.0203125
0 0.096875 0.52734375 0.01953125 0.0296875
0 0.1234375 0.50859375 0.01875 0.021875
0 0.1109375 0.525 0.02109375 0.03359375
0 0.08828125 0.459375 0.0234375 0.02578125
0 0.15546875 0.49453125 0.01796875 0.02734375
0 0.16328125 0.52421875 0.01953125 0.03671875
0 0.184375 0.52265625 0.01875 0.03125
0 0.17421875 0.48828125 0.0171875 0.03203125
0 0.196875 0.4875 0.02421875 0.03046875
0 0.17890625 0.50390625 0.02109375 0.02421875
0 0.19453125 0.50859375 0.01875 0.0203125
0 0.2015625 0.5296875 0.01484375 0.02734375
0 0.21328125 0.5265625 0.015625 0.0390625
0 0.21875 0.49921875 0.02109375 0.02890625
0 0.1921875 0.46328125 0.01953125 0.02890625
0 0.23828125 0.44140625 0.01875 0.02109375
0 0.24453125 0.5125 0.0125 0.01640625
0 0.25546875 0.53046875 0.02421875 0.04140625
0 0.2671875 0.51015625 0.0234375 0.03125
0 0.27578125 0.54296875 0.01796875 0.03359375
0 0.28671875 0.525 0.01875 0.034375
0 0.259375 0.478125 0.025 0.02734375
0 0.27890625 0.48203125 0.0140625 0.02734375
0 0.29296875 0.48203125 0.01640625 0.028125
0 0.30625 0.46328125 0.02421875 0.025
0 0.2984375 0.509375 0.03359375 0.028125
0 0.30703125 0.54140625 0.02734375 0.03046875
0 0.32890625 0.53203125 0.01953125 0.03359375
0 0.3328125 0.4890625 0.02109375 0.0328125
0 0.35234375 0.4734375 0.02421875 0.0296875
0 0.33203125 0.45546875 0.0171875 0.01640625
0 0.36328125 0.43984375 0.01796875 0.02734375
0 0.37265625 0.44609375 0.0140625 0.028125
0 0.38203125 0.4765625 0.021875 0.02734375
0 0.371875 0.49609375 0.02265625 0.034375
0 0.37734375 0.53046875 0.02109375 0.03984375
0 0.3640625 0.53203125 0.0203125 0.04296875
0 0.39140625 0.52578125 0.015625 0.04609375
0 0.39921875 0.50703125 0.01875 0.03046875
0 0.40703125 0.48125 0.02421875 0.03046875
0 0.43359375 0.48984375 0.01953125 0.0328125
0 0.421875 0.53984375 0.0203125 0.03671875
0 0.44453125 0.53671875 0.02265625 0.03671875
0 0.4703125 0.54140625 0.0203125 0.04375
0 0.47890625 0.45703125 0.02421875 0.02890625
0 0.45 0.46953125 0.0203125 0.0296875
0 0.45390625 0.50546875 0.021875 0.0234375
0 0.4734375 0.49765625 0.025 0.03203125
0 0.50703125 0.471875 0.021875 0.0359375
0 0.515625 0.4984375 0.0203125 0.028125
0 0.49921875 0.5078125 0.01328125 0.0265625
0 0.50078125 0.54296875 0.015625 0.03046875
0 0.53359375 0.46171875 0.0203125 0.025
0 0.571875 0.46484375 0.01640625 0.03984375
0 0.5734375 0.5 0.025 0.0359375
0 0.54296875 0.5296875 0.0140625 0.0203125
0 0.515625 0.54296875 0.0125 0.02578125
0 0.52890625 0.515625 0.0203125 0.02578125
0 0.59765625 0.515625 0.021875 0.03203125
0 0.61328125 0.48828125 0.0203125 0.03359375
0 0.62578125 0.509375 0.021875 0.0390625
0 0.6125 0.51484375 0.01484375 0.03125
0 0.64375 0.5078125 0.0234375 0.0359375
0 0.659375 0.5125 0.01953125 0.0453125
0 0.684375 0.53359375 0.02421875 0.03125
0 0.7171875 0.525 0.02109375 0.0328125
0 0.7125 0.5125 0.02421875 0.03515625
0 0.728125 0.5421875 0.01640625 0.0265625
0 0.696875 0.41953125 0.01796875 0.0296875
0 0.63125 0.55546875 0.0140625 0.01796875
0 0.74609375 0.53515625 0.0234375 0.03046875
0 0.73984375 0.49296875 0.01953125 0.0234375
0 0.73828125 0.47265625 0.01640625 0.0203125
0 0.75703125 0.459375 0.021875 0.03046875
0 0.76953125 0.52734375 0.01640625 0.02890625
0 0.78359375 0.540625 0.01875 0.028125
0 0.778125 0.48046875 0.03671875 0.04296875
0 0.8078125 0.5140625 0.025 0.028125
0 0.82421875 0.49921875 0.01640625 0.0296875
0 0.83046875 0.52578125 0.01796875 0.01953125
0 0.8453125 0.5109375 0.01875 0.03515625
0 0.86484375 0.4984375 0.02109375 0.03046875
0 0.88359375 0.528125 0.01640625 0.03203125
0 0.865625 0.559375 0.02109375 0.021875
0 0.8890625 0.55625 0.01953125 0.02890625
0 0.86875 0.53984375 0.0125 0.0203125
0 0.9015625 0.503125 0.02109375 0.02265625
0 0.9046875 0.56484375 0.02109375 0.0390625
0 0.89453125 0.58359375 0.01875 0.021875
0 0.91328125 0.53203125 0.01953125 0.0265625
0 0.925 0.5453125 0.0171875 0.02109375
0 0.9265625 0.52265625 0.0171875 0.028125
0 0.93046875 0.48125 0.02265625 0.028125
0 0.9390625 0.55078125 0.01875 0.0234375
0 0.94296875 0.58203125 0.02109375 0.0171875
0 0.96328125 0.571875 0.0203125 0.03671875
0 0.984375 0.578125 0.02109375 0.03359375
0 0.95546875 0.52734375 0.03125 0.040625
0 0.97265625 0.4921875 0.01953125 0.0265625
0 0.99140625 0.52890625 0.0171875 0.03203125
0 0.99296875 0.5546875 0.0140625 0.02421875
0 0.809375 0.47734375 0.02265625 0.02578125