0 0.00703125 0.58125 0.0140625 0.03359375
0 0.0171875 0.56328125 0.01953125 0.0375
0 0.03515625 0.54921875 0.02265625 0.03359375
0 0.0625 0.56015625 0.01875 0.0359375
0 0.053125 0.5328125 0.01953125 0.0328125
0 0.08359375 0.56328125 0.02265625 0.025
0 0.07734375 0.53671875 0.025 0.03515625
0 0.09921875 0.5390625 0.0203125 0.0421875
0 0.12734375 0.55 0.0203125 0.03984375
0 0.15078125 0.5484375 0.02734375 0.03671875
0 0.12734375 0.515625 0.02265625 0.03359375
0 0.140625 0.51328125 0.01953125 0.05
0 0.121875 0.4859375 0.02421875 0.02890625
0 0.065625 0.515625 0.0234375 0.021875
0 0.06640625 0.49296875 0.02265625 0.02109375
0 0.15625 0.496875 0.021875 0.03359375
0 0.1765625 0.50546875 0.02421875 0.0390625
0 0.17109375 0.5375 0.02578125 0.03671875
0 0.20078125 0.51953125 0.0203125 0.03515625
0 0.2 0.55625 0.01796875 0.04921875
0 0.215625 0.54453125 0.02421875 0.028125
0 0.21640625 0.51953125 0.02421875 0.034375
0 0.21171875 0.478125 0.02890625 0.03515625
0 0.23984375 0.54375 0.021875 0.03359375
0 0.2578125 0.553125 0.02265625 0.03828125
0 0.26171875 0.5171875 0.0234375 0.0421875
0 0.2796875 0.52578125 0.02265625 0.03828125
0 0.2984375 0.54453125 0.021875 0.03828125
0 0.29140625 0.5015625 0.02109375 0.04296875
0 0.26328125 0.47890625 0.0203125 0.03203125
0 0.30703125 0.51640625 0.021875 0.0328125
0 0.31953125 0.534375 0.02265625 0.03828125
0 0.34453125 0.5328125 0.02109375 0.03359375
0 0.33671875 0.5078125 0.02265625 0.03359375
0 0.31953125 0.475 0.01953125 0.03125
0 0.29140625 0.465625 0.02421875 0.02734375
0 0.3421875 0.4625 0.025 0.0375
0 0.3625 0.48359375 0.02734375 0.03828125
0 0.36640625 0.5234375 0.021875 0.0359375
0 0.37578125 0.5390625 0.0125 0.03671875
0 0.3921875 0.5390625 0.02109375 0.03984375
0 0.3984375 0.50390625 0.02734375 0.04140625
0 0.40546875 0.5359375 0.015625 0.03515625
0 0.42421875 0.5390625 0.0234375 0.04375
0 0.4328125 0.55234375 0.01796875 0.02578125
0 0.43359375 0.5171875 0.01953125 0.04375
0 0.46328125 0.5484375 0.0265625 0.0421875
0 0.478125 0.534375 0.01953125 0.04296875
0 0.49453125 0.496875 0.02578125 0.03515625
0 0.5171875 0.51953125 0.02578125 0.034375
0 0.5109375 0.54921875 0.02578125 0.03359375
0 0.52578125 0.4890625 0.025 0.0421875
0 0.546875 0.52578125 0.02265625 0.03359375
0 0.57578125 0.4703125 0.02265625 0.0421875
0 0.58671875 0.5125 0.025 0.034375
0 0.59765625 0.54609375 0.015625 0.0375
0 0.60859375 0.52734375 0.021875 0.03984375
0 0.609375 0.48046875 0.01953125 0.03671875
0 0.63203125 0.4828125 0.025 0.0375
0 0.6296875 0.521875 0.01953125 0.034375
0 0.6484375 0.53671875 0.03046875 0.04453125
0 0.6671875 0.51328125 0.0265625 0.03828125
0 0.68515625 0.5265625 0.01640625 0.034375
0 0.67578125 0.55546875 0.025 0.0328125
0 0.7015625 0.5375 0.02109375 0.0421875
0 0.70859375 0.51328125 0.02109375 0.0375
0 0.72578125 0.49921875 0.02265625 0.0328125
0 0.71796875 0.55 0.01484375 0.03046875
0 0.734375 0.56953125 0.02734375 0.03828125
0 0.7375 0.53203125 0.0203125 0.0328125
0 0.753125 0.52109375 0.0265625 0.046875
0 0.76484375 0.55390625 0.015625 0.0453125
0 0.77109375 0.5078125 0.02109375 0.03515625
0 0.82421875 0.57890625 0.0171875 0.034375
0 0.84140625 0.584375 0.025 0.03359375
0 0.84140625 0.55390625 0.02421875 0.03828125
0 0.8984375 0.528125 0.01484375 0.03125
0 0.89296875 0.59375 0.03203125 0.04921875
0 0.9171875 0.59765625 0.021875 0.040625
0 0.85859375 0.53984375 0.01875 0.02890625
0 0.93515625 0.5765625 0.0296875 0.0390625
0 0.915625 0.528125 0.01953125 0.03125
0 0.9703125 0.55234375 0.028125 0.03671875
0 0.978125 0.57265625 0.0234375 0.0375
0 0.9453125 0.60859375 0.0234375 0.0375
0 0.9671875 0.60546875 0.02109375 0.0375