0 0.0109375 0.54296875 0.01875 0.02578125
0 0.0140625 0.57734375 0.021875 0.02109375
0 0.034375 0.6 0.01328125 0.021875
0 0.0125 0.59921875 0.0109375 0.01875
0 0.009375 0.63828125 0.01796875 0.02578125
0 0.05078125 0.6359375 0.02265625 0.04296875
0 0.0609375 0.62421875 0.01875 0.03203125
0 0.084375 0.63828125 0.01640625 0.04609375
0 0.05 0.553125 0.01484375 0.02578125
0 0.0671875 0.553125 0.01875 0.03046875
0 0.084375 0.59375 0.01796875 0.028125
0 0.08828125 0.56953125 0.01484375 0.021875
0 0.128125 0.5921875 0.01328125 0.03203125
0 0.15546875 0.63203125 0.0203125 0.03515625
0 0.12109375 0.64921875 0.009375 0.01875
0 0.11015625 0.59453125 0.0203125 0.02109375
0 0.0984375 0.64453125 0.01640625 0.04296875
0 0.1515625 0.54921875 0.01875 0.02734375
0 0.1640625 0.5359375 0.02265625 0.03046875
0 0.1734375 0.5171875 0.01796875 0.02734375
0 0.18828125 0.5421875 0.0109375 0.0265625
0 0.1734375 0.5609375 0.01640625 0.02109375
0 0.17578125 0.578125 0.01171875 0.021875
0 0.15 0.58203125 0.02890625 0.0328125
0 0.14296875 0.615625 0.015625 0.02890625
0 0.17578125 0.63671875 0.025 0.02734375
0 0.19765625 0.6078125 0.02109375 0.028125
0 0.19921875 0.575 0.0171875 0.03203125
0 0.221875 0.57734375 0.0203125 0.02421875
0 0.2203125 0.59921875 0.0203125 0.02109375
0 0.2203125 0.6203125 0.02109375 0.02734375
0 0.20078125 0.5390625 0.01328125 0.01484375
0 0.190625 0.4875 0.01484375 0.0125
0 0.2171875 0.48984375 0.01953125 0.025
0 0.1984375 0.46640625 0.02109375 0.03125
0 0.22265625 0.51328125 0.009375 0.0140625
0 0.23828125 0.503125 0.01875 0.02578125
0 0.25625 0.5046875 0.0171875 0.02734375
0 0.2703125 0.48671875 0.0203125 0.03125
0 0.2328125 0.540625 0.01875 0.03125
0 0.24453125 0.60390625 0.02578125 0.0296875
0 0.2703125 0.575 0.0203125 0.028125
0 0.27109375 0.60234375 0.0171875 0.03125
0 0.28828125 0.596875 0.01953125 0.03515625
0 0.278125 0.53984375 0.0234375 0.02734375
0 0.2875 0.50703125 0.01796875 0.021875
0 0.31484375 0.57890625 0.02109375 0.02890625
0 0.3546875 0.5265625 0.01640625 0.03046875
0 0.36328125 0.5125 0.01796875 0.02734375
0 0.3859375 0.51328125 0.01953125 0.02421875
0 0.3515625 0.5515625 0.01796875 0.02734375
0 0.34375 0.56875 0.01484375 0.0203125
0 0.35 0.58359375 0.0203125 0.02734375
0 0.37890625 0.57421875 0.01875 0.0359375
0 0.39921875 0.54609375 0.01953125 0.02734375
0 0.4 0.57578125 0.01640625 0.03046875
0 0.41484375 0.5125 0.021875 0.02890625
0 0.3984375 0.49609375 0.0171875 0.0296875
0 0.4234375 0.5625 0.02578125 0.02890625
0 0.42109375 0.584375 0.02109375 0.0296875
0 0.45546875 0.55234375 0.01640625 0.03203125
0 0.47421875 0.559375 0.0234375 0.03203125
0 0.3703125 0.559375 0.0140625 0.0265625
0 0.4984375 0.5578125 0.028125 0.0453125
0 0.4796875 0.4796875 0.02265625 0.02890625
0 0.4875 0.50546875 0.0203125 0.03203125
0 0.50703125 0.50859375 0.02265625 0.03671875
0 0.53046875 0.4796875 0.021875 0.0296875
0 0.54375 0.484375 0.015625 0.02578125
0 0.52578125 0.50390625 0.0171875 0.0265625
0 0.53125 0.53359375 0.02109375 0.03125
0 0.54921875 0.53203125 0.01640625 0.03203125
0 0.571875 0.4671875 0.02265625 0.028125
0 0.571875 0.56875 0.021875 0.03515625
0 0.55625 0.5640625 0.0125 0.028125
0 0.5796875 0.54453125 0.02265625 0.0328125
0 0.59140625 0.53046875 0.01875 0.01953125
0 0.59453125 0.5109375 0.02265625 0.01875
0 0.603125 0.56015625 0.01796875 0.03359375
0 0.61875 0.5625 0.02109375 0.03203125
0 0.6171875 0.525 0.02265625 0.0359375
0 0.63125 0.5484375 0.021875 0.03125
0 0.64296875 0.5203125 0.0234375 0.03046875
0 0.65078125 0.54765625 0.01484375 0.03671875
0 0.66484375 0.5578125 0.02109375 0.03671875
0 0.67578125 0.56328125 0.0125 0.03203125
0 0.67265625 0.5234375 0.01796875 0.025
0 0.70546875 0.50234375 0.01484375 0.028125
0 0.70078125 0.52578125 0.02109375 0.02890625
0 0.70078125 0.575 0.02109375 0.03203125
0 0.696875 0.553125 0.02265625 0.02421875
0 0.71796875 0.54609375 0.02265625 0.03828125
0 0.75703125 0.5625 0.0171875 0.03203125
0 0.796875 0.509375 0.01953125 0.0265625
0 0.79609375 0.5421875 0.02109375 0.02578125
0 0.78046875 0.5578125 0.0203125 0.03359375
0 0.7984375 0.5640625 0.0265625 0.02734375
0 0.8203125 0.53671875 0.015625 0.02734375
0 0.825 0.5546875 0.0203125 0.02734375
0 0.82578125 0.58671875 0.01953125 0.0328125
0 0.84140625 0.571875 0.01953125 0.0375
0 0.8390625 0.5453125 0.0171875 0.02578125
0 0.8609375 0.59296875 0.02265625 0.0359375
0 0.84765625 0.4828125 0.0203125 0.02890625
0 0.85703125 0.51328125 0.0125 0.02578125
0 0.8859375 0.53203125 0.0203125 0.01953125
0 0.8828125 0.5609375 0.02265625 0.03671875
0 0.896875 0.575 0.02109375 0.02578125
0 0.88984375 0.59296875 0.021875 0.025
0 0.87734375 0.61875 0.03203125 0.05390625
0 0.91953125 0.521875 0.01953125 0.0265625
0 0.95625 0.50703125 0.0171875 0.02890625
0 0.91484375 0.56015625 0.02109375 0.02734375
0 0.94140625 0.5640625 0.021875 0.02734375
0 0.95625 0.54375 0.01796875 0.0234375
0 0.98984375 0.54921875 0.01953125 0.021875
0 0.946875 0.59765625 0.0171875 0.03125
0 0.93359375 0.61953125 0.0203125 0.034375
0 0.95390625 0.61484375 0.0125 0.028125
0 0.99140625 0.565625 0.0171875 0.021875
0 0.96796875 0.56171875 0.02109375 0.02421875
0 0.9328125 0.54453125 0.01796875 0.01640625
0 0.921875 0.6078125 0.01328125 0.03203125
0 0.125 0.53515625 0.0109375 0.0234375
0 0.10546875 0.546875 0.0109375 0.0125