0 0.01328125 0.5203125 0.01953125 0.02265625
0 0.00390625 0.5359375 0.0078125 0.025
0 0.00859375 0.5546875 0.0171875 0.02421875
0 0.01953125 0.5390625 0.01875 0.02578125
0 0.028125 0.55078125 0.01484375 0.02265625
0 0.00703125 0.4890625 0.0140625 0.01640625
0 0.04921875 0.50703125 0.0203125 0.021875
0 0.0484375 0.53828125 0.0234375 0.0328125
0 0.05859375 0.5515625 0.01171875 0.0203125
0 0.0796875 0.55390625 0.0203125 0.0265625
0 0.0703125 0.540625 0.0109375 0.0296875
0 0.10390625 0.5359375 0.0234375 0.025
0 0.0890625 0.50546875 0.01640625 0.01953125
0 0.1015625 0.49921875 0.01953125 0.02265625
0 0.096875 0.52578125 0.02109375 0.02734375
0 0.12265625 0.5140625 0.02109375 0.034375
0 0.12890625 0.5421875 0.01796875 0.03125
0 0.15546875 0.54921875 0.01953125 0.02890625
0 0.12265625 0.48046875 0.0265625 0.03203125
0 0.15234375 0.484375 0.01796875 0.0234375
0 0.15234375 0.51796875 0.01328125 0.021875
0 0.165625 0.525 0.0171875 0.01953125
0 0.17734375 0.54140625 0.00859375 0.0234375
0 0.17265625 0.57265625 0.01328125 0.03125
0 0.19140625 0.51640625 0.02734375 0.0234375
0 0.1984375 0.496875 0.01875 0.025
0 0.23671875 0.57578125 0.01953125 0.028125
0 0.228125 0.57421875 0.0265625 0.0234375
0 0.221875 0.54140625 0.01640625 0.03203125
0 0.25078125 0.540625 0.0203125 0.046875
0 0.26953125 0.53671875 0.0203125 0.03359375
0 0.253125 0.509375 0.01953125 0.021875
0 0.32265625 0.5359375 0.02421875 0.0296875
0 0.3421875 0.54296875 0.015625 0.02734375
0 0.29296875 0.51640625 0.0265625 0.03125
0 0.2859375 0.490625 0.04296875 0.028125
0 0.29609375 0.47734375 0.03125 0.02421875
0 0.32265625 0.49453125 0.021875 0.03125
0 0.34375 0.50390625 0.02734375 0.02421875
0 0.33203125 0.47265625 0.021875 0.0234375
0 0.3578125 0.48046875 0.0171875 0.0296875
0 0.3703125 0.4921875 0.02265625 0.0203125
0 0.38046875 0.47421875 0.01640625 0.03046875
0 0.3859375 0.50859375 0.02109375 0.03125
0 0.3625 0.53671875 0.02265625 0.04609375
0 0.3484375 0.53203125 0.0140625 0.03203125
0 0.38046875 0.53671875 0.021875 0.03203125
0 0.41796875 0.55 0.0171875 0.02890625
0 0.4140625 0.51328125 0.0234375 0.028125
0 0.4421875 0.5390625 0.0203125 0.0390625
0 0.45625 0.50390625 0.015625 0.02421875
0 0.46875 0.52109375 0.01953125 0.02890625
0 0.45859375 0.53515625 0.02109375 0.02890625
0 0.46796875 0.55 0.0140625 0.0234375
0 0.4859375 0.55390625 0.02265625 0.0234375
0 0.475 0.49921875 0.0171875 0.0171875
0 0.48671875 0.5109375 0.01640625 0.01796875
0 0.496875 0.49609375 0.02109375 0.028125
0 0.48984375 0.53125 0.02421875 0.0328125
0 0.50234375 0.55546875 0.01875 0.03203125
0 0.521875 0.5515625 0.02109375 0.02734375
0 0.54140625 0.565625 0.01484375 0.03203125
0 0.53203125 0.53671875 0.01328125 0.0171875
0 0.5078125 0.5234375 0.021875 0.02734375
0 0.5234375 0.50859375 0.02265625 0.028125
0 0.52890625 0.49375 0.01484375 0.0171875
0 0.5421875 0.48984375 0.015625 0.01875
0 0.5625 0.559375 0.015625 0.0375
0 0.58984375 0.57109375 0.01875 0.02578125
0 0.578125 0.565625 0.01875 0.03046875
0 0.56640625 0.478125 0.01796875 0.0265625
0 0.590625 0.4890625 0.02265625 0.0265625
0 0.59609375 0.515625 0.021875 0.02421875
0 0.6 0.54609375 0.021875 0.0265625
0 0.58046875 0.53984375 0.015625 0.025
0 0.6265625 0.521875 0.02109375 0.02578125
0 0.62421875 0.5484375 0.021875 0.02578125
0 0.625 0.57734375 0.02265625 0.02890625
0 0.61328125 0.5609375 0.01640625 0.0203125
0 0.60390625 0.5671875 0.01484375 0.02265625
0 0.63828125 0.5984375 0.021875 0.03359375
0 0.64375 0.57265625 0.0140625 0.02578125
0 0.6546875 0.559375 0.01484375 0.02578125
0 0.67578125 0.584375 0.02109375 0.0328125
0 0.6640625 0.53671875 0.01953125 0.0328125
0 0.63984375 0.5234375 0.01328125 0.02109375
0 0.64453125 0.48984375 0.02109375 0.02734375
0 0.6640625 0.5046875 0.021875 0.02421875
0 0.69609375 0.471875 0.0203125 0.03046875
0 0.69296875 0.52578125 0.01875 0.021875
0 0.69921875 0.55234375 0.01640625 0.02578125
0 0.69140625 0.54140625 0.01015625 0.0140625
0 0.6875 0.5609375 0.02578125 0.025
0 0.690625 0.60625 0.01875 0.025
0 0.72421875 0.5859375 0.01953125 0.034375
0 0.734375 0.5671875 0.02421875 0.02734375
0 0.7453125 0.57890625 0.01875 0.028125
0 0.76875 0.57578125 0.02578125 0.02734375
0 0.76796875 0.55546875 0.02578125 0.02421875
0 0.78828125 0.57109375 0.02109375 0.01953125
0 0.7890625 0.5921875 0.02109375 0.01796875
0 0.8078125 0.59296875 0.02421875 0.028125
0 0.79609375 0.60546875 0.01171875 0.021875
0 0.81015625 0.61328125 0.0203125 0.0203125
0 0.79609375 0.6328125 0.0296875 0.021875
0 0.8203125 0.61796875 0.01640625 0.02421875
0 0.8234375 0.56796875 0.02421875 0.02734375
0 0.8234375 0.5875 0.0171875 0.02578125
0 0.83359375 0.5875 0.01484375 0.028125
0 0.84140625 0.60078125 0.01484375 0.0265625
0 0.84609375 0.61875 0.01953125 0.03203125
0 0.85234375 0.63671875 0.01484375 0.03671875
0 0.846875 0.56875 0.01640625 0.01796875
0 0.853125 0.58515625 0.01484375 0.0140625
0 0.8546875 0.54375 0.02109375 0.034375
0 0.8640625 0.58046875 0.01640625 0.02578125
0 0.8796875 0.62578125 0.02890625 0.03125
0 0.89765625 0.60703125 0.02109375 0.021875
0 0.89609375 0.63046875 0.01953125 0.03828125
0 0.91328125 0.63828125 0.01484375 0.03515625
0 0.925 0.63359375 0.01484375 0.0296875
0 0.925 0.609375 0.02109375 0.02890625
0 0.9390625 0.65390625 0.01328125 0.01484375
0 0.9515625 0.59296875 0.0234375 0.021875
0 0.91015625 0.584375 0.01796875 0.03359375
0 0.9578125 0.6375 0.0140625 0.02421875
0 0.95 0.64375 0.015625 0.02265625
0 0.95078125 0.61796875 0.0171875 0.01796875
0 0.9765625 0.615625 0.0203125 0.02890625
0 0.984375 0.5984375 0.0125 0.02265625
0 0.99296875 0.6171875 0.0140625 0.03671875
0 0.96875 0.646875 0.01640625 0.02734375
0 0.9796875 0.6515625 0.01640625 0.0328125
0 0.99140625 0.665625 0.0140625 0.0296875