0 0.0140625 0.484375 0.0203125 0.04765625
0 0.0296875 0.465625 0.025 0.03359375
0 0.059375 0.46953125 0.0265625 0.04765625
0 0.04140625 0.45078125 0.0171875 0.0390625
0 0.021875 0.43359375 0.0234375 0.0359375
0 0.0203125 0.40859375 0.025 0.0265625
0 0.053125 0.38515625 0.028125 0.0390625
0 0.0421875 0.40078125 0.02109375 0.025
0 0.0515625 0.42890625 0.0265625 0.034375
0 0.07421875 0.4421875 0.0296875 0.03359375
0 0.07890625 0.42265625 0.0234375 0.0328125
0 0.075 0.4421875 0.02890625 0.0359375
0 0.0765625 0.4578125 0.01484375 0.02890625
0 0.090625 0.46328125 0.01953125 0.0390625
0 0.10859375 0.45390625 0.0203125 0.0328125
0 0.12109375 0.46953125 0.0203125 0.03203125
0 0.08515625 0.4921875 0.02109375 0.03828125
0 0.08046875 0.396875 0.021875 0.03125
0 0.1 0.409375 0.0265625 0.03203125
0 0.1359375 0.4234375 0.02890625 0.0421875
0 0.14609375 0.46484375 0.0234375 0.0359375
0 0.16171875 0.47734375 0.021875 0.03671875
0 0.18125 0.48359375 0.02265625 0.040625
0 0.16484375 0.4484375 0.03203125 0.046875
0 0.18125 0.4234375 0.02421875 0.034375
0 0.1953125 0.4546875 0.03203125 0.053125
0 0.22109375 0.43671875 0.02890625 0.03203125
0 0.209375 0.40078125 0.0234375 0.02734375
0 0.21328125 0.475 0.02578125 0.04140625
0 0.23125 0.47265625 0.0265625 0.04453125
0 0.246875 0.41875 0.02578125 0.02734375
0 0.25703125 0.44140625 0.02421875 0.034375
0 0.2578125 0.46953125 0.02109375 0.034375
0 0.24375 0.490625 0.03359375 0.02578125
0 0.2671875 0.49296875 0.02265625 0.02890625
0 0.27578125 0.4703125 0.021875 0.04453125
0 0.28671875 0.4640625 0.01796875 0.03046875
0 0.29609375 0.45234375 0.01953125 0.0296875
0 0.29296875 0.42734375 0.02734375 0.03046875
0 0.278125 0.4109375 0.02265625 0.02734375
0 0.2734375 0.384375 0.0265625 0.028125
0 0.3046875 0.39375 0.0203125 0.03515625
0 0.31328125 0.4328125 0.02578125 0.0265625
0 0.3140625 0.453125 0.02265625 0.03203125
0 0.32421875 0.4734375 0.03125 0.0296875
0 0.34375 0.4625 0.02109375 0.03984375
0 0.328125 0.41640625 0.0234375 0.03828125
0 0.3359375 0.3859375 0.025 0.0390625
0 0.36171875 0.38671875 0.0203125 0.03671875
0 0.35625 0.4515625 0.0296875 0.04296875
0 0.37109375 0.4390625 0.021875 0.02734375
0 0.3796875 0.4734375 0.02109375 0.028125
0 0.39765625 0.46875 0.02109375 0.03515625
0 0.4078125 0.4484375 0.0265625 0.0359375
0 0.41328125 0.42421875 0.02265625 0.02578125
0 0.415625 0.47421875 0.01328125 0.03359375
0 0.43828125 0.471875 0.02890625 0.03046875
0 0.43515625 0.44609375 0.02890625 0.03046875
0 0.45390625 0.42109375 0.02265625 0.03359375
0 0.47109375 0.44375 0.02109375 0.03359375
0 0.47734375 0.41640625 0.021875 0.02890625
0 0.4671875 0.48203125 0.02265625 0.03125
0 0.49140625 0.4625 0.021875 0.040625
0 0.49921875 0.4859375 0.02578125 0.0328125
0 0.52421875 0.47421875 0.0265625 0.03359375
0 0.5171875 0.45390625 0.02734375 0.04140625
0 0.5078125 0.4140625 0.03046875 0.05078125
0 0.52734375 0.43515625 0.02109375 0.03046875
0 0.55 0.42890625 0.02265625 0.0421875
0 0.56171875 0.42734375 0.021875 0.03515625
0 0.53828125 0.4578125 0.025 0.03046875
0 0.5515625 0.4703125 0.01953125 0.034375
0 0.53515625 0.49296875 0.02109375 0.034375
0 0.57265625 0.48203125 0.025 0.0234375
0 0.5671875 0.4640625 0.0203125 0.02734375
0 0.58984375 0.4234375 0.02265625 0.02734375
0 0.5703125 0.4109375 0.02109375 0.034375
0 0.60234375 0.47890625 0.01875 0.03515625
0 0.5921875 0.4953125 0.01875 0.0328125
0 0.575 0.49921875 0.01796875 0.02265625
0 0.60390625 0.440625 0.01875 0.02734375
0 0.6265625 0.43125 0.02578125 0.034375
0 0.6171875 0.396875 0.02265625 0.03515625
0 0.62578125 0.48125 0.0265625 0.0328125
0 0.64296875 0.46640625 0.025 0.02890625
0 0.6296875 0.51015625 0.02421875 0.0328125
0 0.65390625 0.503125 0.02421875 0.0359375
0 0.6765625 0.48203125 0.021875 0.0328125
0 0.67890625 0.4625 0.025 0.0328125
0 0.696875 0.47578125 0.021875 0.0328125
0 0.659375 0.4203125 0.01953125 0.03359375
0 0.68046875 0.434375 0.0234375 0.02734375
0 0.703125 0.50625 0.0234375 0.04765625
0 0.71953125 0.52265625 0.021875 0.03671875
0 0.7453125 0.53125 0.02421875 0.0328125
0 0.7171875 0.42109375 0.021875 0.03203125
0 0.74453125 0.45078125 0.03203125 0.04296875
0 0.75390625 0.47421875 0.0234375 0.02890625
0 0.74140625 0.49921875 0.02578125 0.0359375
0 0.76796875 0.525 0.02734375 0.0328125
0 0.775 0.54921875 0.0234375 0.0359375
0 0.79765625 0.55703125 0.01953125 0.034375
0 0.79609375 0.525 0.01875 0.03359375
0 0.78125 0.496875 0.0234375 0.03046875
0 0.796875 0.46796875 0.0265625 0.034375
0 0.778125 0.45 0.0234375 0.0359375
0 0.76953125 0.51171875 0.02265625 0.034375
0 0.82109375 0.4703125 0.0203125 0.0296875
0 0.82421875 0.49140625 0.02578125 0.03046875
0 0.8140625 0.53046875 0.02265625 0.03203125
0 0.821875 0.5546875 0.0234375 0.03515625
0 0.84296875 0.53671875 0.02578125 0.03515625
0 0.84765625 0.56484375 0.02265625 0.0296875
0 0.8578125 0.55078125 0.01640625 0.0359375
0 0.8734375 0.5390625 0.02265625 0.03671875
0 0.88828125 0.52265625 0.02109375 0.03515625
0 0.8765625 0.4859375 0.021875 0.03515625
0 0.84375 0.48984375 0.021875 0.03125
0 0.884375 0.5734375 0.02265625 0.034375
0 0.903125 0.54609375 0.021875 0.03125
0 0.90390625 0.5796875 0.01953125 0.034375
0 0.91484375 0.6 0.02265625 0.03203125
0 0.93671875 0.6078125 0.01953125 0.03359375
0 0.92578125 0.58671875 0.01796875 0.03125
0 0.9484375 0.58359375 0.02734375 0.03125
0 0.9265625 0.52421875 0.025 0.03515625
0 0.95078125 0.5328125 0.0265625 0.03359375
0 0.98046875 0.5640625 0.0125 0.0296875
0 0.96875 0.5796875 0.01640625 0.03046875
0 0.98359375 0.63671875 0.01875 0.0421875
0 0.9890625 0.58984375 0.021875 0.0390625
0 0.99375 0.56484375 0.01171875 0.0296875
0 0.42265625 0.39609375 0.0171875 0.03125
0 0.2109375 0.3640625 0.03046875 0.0390625