0 0.00625 0.5546875 0.01171875 0.03828125
0 0.02734375 0.5421875 0.02109375 0.03046875
0 0.0109375 0.52890625 0.02109375 0.034375
0 0.046875 0.5328125 0.02265625 0.03515625
0 0.06640625 0.5359375 0.0203125 0.0328125
0 0.02890625 0.515625 0.02421875 0.02890625
0 0.01171875 0.50390625 0.01953125 0.03203125
0 0.05 0.4890625 0.02265625 0.0375
0 0.0734375 0.51953125 0.02421875 0.04140625
0 0.09140625 0.50625 0.03125 0.03984375
0 0.078125 0.47890625 0.02421875 0.03125
0 0.1015625 0.4828125 0.02265625 0.03125
0 0.14375 0.49765625 0.02265625 0.03203125
0 0.13359375 0.47890625 0.0171875 0.03046875
0 0.11796875 0.4359375 0.02421875 0.03515625
0 0.10390625 0.45625 0.01953125 0.03046875
0 0.14296875 0.43515625 0.028125 0.0390625
0 0.1515625 0.478125 0.0234375 0.03359375
0 0.16796875 0.4859375 0.02421875 0.04375
0 0.1859375 0.49140625 0.02421875 0.03359375
0 0.1828125 0.4625 0.0265625 0.03203125
0 0.16796875 0.4421875 0.025 0.03125
0 0.2078125 0.4765625 0.0234375 0.04296875
0 0.20390625 0.44375 0.02109375 0.02734375
0 0.22265625 0.4609375 0.01953125 0.0484375
0 0.23125 0.43046875 0.0265625 0.034375
0 0.25703125 0.47421875 0.02578125 0.03125
0 0.2453125 0.46328125 0.02265625 0.03984375
0 0.2609375 0.434375 0.0375 0.028125
0 0.2578125 0.425 0.0171875 0.02890625
0 0.275 0.41640625 0.01484375 0.0296875
0 0.28359375 0.44375 0.0234375 0.0390625
0 0.29609375 0.45625 0.01796875 0.0359375
0 0.3140625 0.46640625 0.02421875 0.03203125
0 0.33828125 0.45546875 0.02578125 0.0375
0 0.3203125 0.43984375 0.02890625 0.03515625
0 0.29453125 0.43125 0.0234375 0.0328125
0 0.28203125 0.384375 0.01640625 0.0171875
0 0.3109375 0.39296875 0.0234375 0.028125
0 0.3125 0.41015625 0.02265625 0.0171875
0 0.32734375 0.4109375 0.01953125 0.02578125
0 0.340625 0.42421875 0.02265625 0.03203125
0 0.35546875 0.44609375 0.02421875 0.04375
0 0.3265625 0.3765625 0.0203125 0.02109375
0 0.36796875 0.3859375 0.0234375 0.0375
0 0.36953125 0.41328125 0.02265625 0.02890625
0 0.3921875 0.4453125 0.02265625 0.03671875
0 0.38984375 0.40390625 0.02578125 0.028125
0 0.41015625 0.39765625 0.0203125 0.02890625
0 0.41015625 0.4390625 0.02421875 0.040625
0 0.4296875 0.43359375 0.0234375 0.0421875
0 0.4359375 0.41796875 0.01640625 0.03203125
0 0.4546875 0.43125 0.025 0.0328125
0 0.45859375 0.4 0.02890625 0.0359375
0 0.43046875 0.37734375 0.0265625 0.03671875
0 0.459375 0.36640625 0.025 0.0265625
0 0.4765625 0.37265625 0.02265625 0.03125
0 0.484375 0.33984375 0.025 0.0359375
0 0.496875 0.39296875 0.0203125 0.0375
0 0.48203125 0.40859375 0.02109375 0.028125
0 0.4859375 0.440625 0.02578125 0.0390625
0 0.51171875 0.440625 0.025 0.0359375
0 0.5078125 0.41171875 0.02734375 0.025
0 0.528125 0.4328125 0.0171875 0.04296875
0 0.54375 0.4453125 0.021875 0.02890625
0 0.54296875 0.40703125 0.02265625 0.040625
0 0.51796875 0.3890625 0.0234375 0.02890625
0 0.525 0.36171875 0.0265625 0.03515625
0 0.5375 0.36875 0.01875 0.0359375
0 0.559375 0.38984375 0.02109375 0.03515625
0 0.56328125 0.35390625 0.021875 0.0328125
0 0.56171875 0.43359375 0.025 0.04375
0 0.58125 0.44921875 0.02109375 0.03828125
0 0.5953125 0.43125 0.0203125 0.034375
0 0.60546875 0.3640625 0.02109375 0.01875
0 0.609375 0.42109375 0.02265625 0.03125
0 0.6234375 0.42265625 0.01875 0.02890625
0 0.64765625 0.4390625 0.02109375 0.03125
0 0.640625 0.41328125 0.02421875 0.03359375
0 0.63828125 0.37734375 0.0265625 0.03515625
0 0.66796875 0.434375 0.025 0.03515625
0 0.69765625 0.43515625 0.028125 0.040625
0 0.68515625 0.4015625 0.02734375 0.03671875
0 0.71015625 0.38515625 0.0171875 0.0359375
0 0.71875 0.41953125 0.0234375 0.03203125
0 0.72890625 0.3765625 0.02421875 0.0375
0 0.74765625 0.403125 0.02421875 0.0328125
0 0.73046875 0.44765625 0.01640625 0.03125
0 0.740625 0.43828125 0.01875 0.02890625
0 0.76328125 0.4515625 0.02734375 0.0328125
0 0.76875 0.42421875 0.02734375 0.03125
0 0.78203125 0.40859375 0.01953125 0.01953125
0 0.790625 0.4234375 0.02109375 0.02890625
0 0.77265625 0.37890625 0.0234375 0.03125
0 0.7546875 0.35703125 0.0296875 0.03984375
0 0.8078125 0.359375 0.02265625 0.0328125
0 0.79609375 0.3890625 0.021875 0.03671875
0 0.8109375 0.40546875 0.025 0.03125
0 0.8015625 0.43671875 0.021875 0.0296875
0 0.83046875 0.45390625 0.0203125 0.03125
0 0.8109375 0.45546875 0.01640625 0.021875
0 0.84140625 0.40390625 0.02265625 0.03515625
0 0.8671875 0.43203125 0.0234375 0.03046875
0 0.853125 0.39296875 0.0140625 0.03125
0 0.86484375 0.36484375 0.0203125 0.04140625
0 0.8828125 0.40546875 0.02890625 0.04453125
0 0.90859375 0.3921875 0.028125 0.040625
0 0.89765625 0.421875 0.0265625 0.0390625
0 0.90078125 0.46328125 0.02109375 0.0390625
0 0.91875 0.50390625 0.0203125 0.03125
0 0.91953125 0.46171875 0.02109375 0.03125
0 0.92578125 0.415625 0.02421875 0.03203125
0 0.93984375 0.46484375 0.0234375 0.02734375
0 0.94765625 0.48671875 0.0234375 0.03125
0 0.9625 0.49609375 0.02578125 0.03515625
0 0.95546875 0.5453125 0.02421875 0.02734375
0 0.9828125 0.471875 0.02421875 0.034375
0 0.97265625 0.4375 0.02265625 0.0421875
0 0.95703125 0.46640625 0.01875 0.02734375
0 0.840625 0.4375 0.01953125 0.03125