0 0.00703125 0.75625 0.0140625 0.0328125
0 0.01484375 0.75859375 0.01484375 0.02421875
0 0.034375 0.73671875 0.0171875 0.03125
0 0.01640625 0.7265625 0.03046875 0.040625
0 0.05234375 0.7328125 0.02421875 0.0203125
0 0.04453125 0.7109375 0.01796875 0.0359375
0 0.02890625 0.69453125 0.025 0.0265625
0 0.04296875 0.67109375 0.04609375 0.03125
0 0.01640625 0.67890625 0.021875 0.02734375
0 0.009375 0.653125 0.01796875 0.0375
0 0.0234375 0.628125 0.01796875 0.02578125
0 0.04375 0.63125 0.02265625 0.021875
0 0.0625 0.70703125 0.01796875 0.02421875
0 0.07578125 0.71171875 0.01328125 0.03046875
0 0.059375 0.68515625 0.021875 0.025
0 0.0890625 0.7015625 0.01796875 0.03203125
0 0.09453125 0.69140625 0.0203125 0.02890625
0 0.075 0.6765625 0.0203125 0.03203125
0 0.07890625 0.63203125 0.0296875 0.0265625
0 0.10859375 0.67578125 0.025 0.028125
0 0.1265625 0.6875 0.02109375 0.02578125
0 0.1140625 0.6453125 0.025 0.0265625
0 0.13046875 0.66484375 0.0234375 0.0359375
0 0.1546875 0.66328125 0.0203125 0.03203125
0 0.1421875 0.65078125 0.01953125 0.0234375
0 0.13046875 0.6421875 0.01484375 0.01796875
0 0.0921875 0.6546875 0.03515625 0.040625
0 0.1078125 0.62265625 0.02109375 0.0203125
0 0.1296875 0.615625 0.02578125 0.0328125
0 0.16484375 0.6609375 0.0140625 0.021875
0 0.18515625 0.65703125 0.0234375 0.02421875
0 0.15078125 0.62890625 0.01640625 0.03046875
0 0.175 0.64453125 0.021875 0.0203125
0 0.19375 0.640625 0.02109375 0.03125
0 0.1765625 0.6328125 0.02109375 0.02109375
0 0.165625 0.62109375 0.0203125 0.02109375
0 0.153125 0.6078125 0.0203125 0.02109375
0 0.15703125 0.58984375 0.01796875 0.02421875
0 0.17578125 0.6 0.02421875 0.0296875
0 0.16640625 0.5703125 0.02109375 0.01953125
0 0.21328125 0.64140625 0.02109375 0.0296875
0 0.20859375 0.6140625 0.02109375 0.025
0 0.1984375 0.59921875 0.0203125 0.0296875
0 0.20078125 0.5734375 0.01953125 0.0203125
0 0.21796875 0.578125 0.0140625 0.01953125
0 0.23125 0.6125 0.02109375 0.028125
0 0.22421875 0.63125 0.0140625 0.01875
0 0.22421875 0.58671875 0.01875 0.021875
0 0.23828125 0.5921875 0.01328125 0.0203125
0 0.23359375 0.5640625 0.0125 0.0203125
0 0.24140625 0.5546875 0.01328125 0.0203125
0 0.22265625 0.55703125 0.0171875 0.02109375
0 0.2578125 0.609375 0.02265625 0.03125
0 0.2828125 0.60546875 0.0234375 0.0390625
0 0.2953125 0.615625 0.0140625 0.015625
0 0.2984375 0.6015625 0.0140625 0.02265625
0 0.25625 0.5765625 0.02265625 0.02421875
0 0.2671875 0.5875 0.0203125 0.0234375
0 0.278125 0.55703125 0.01953125 0.021875
0 0.296875 0.5671875 0.02578125 0.02734375
0 0.3109375 0.584375 0.02421875 0.03515625
0 0.32578125 0.6 0.01953125 0.025
0 0.34609375 0.5953125 0.02109375 0.025
0 0.37421875 0.6125 0.02109375 0.021875
0 0.325 0.54765625 0.02265625 0.025
0 0.32421875 0.565625 0.0234375 0.0171875
0 0.33125 0.58203125 0.021875 0.02578125
0 0.35234375 0.5734375 0.0265625 0.02734375
0 0.359375 0.590625 0.0328125 0.01796875
0 0.32421875 0.52265625 0.015625 0.015625
0 0.353125 0.53515625 0.02421875 0.03359375
0 0.378125 0.521875 0.0234375 0.02734375
0 0.37890625 0.5765625 0.0203125 0.0296875
0 0.3703125 0.55390625 0.0109375 0.028125
0 0.39921875 0.5375 0.02265625 0.02421875
0 0.40234375 0.57421875 0.0265625 0.0296875
0 0.4015625 0.55234375 0.02265625 0.025
0 0.4171875 0.54765625 0.021875 0.0359375
0 0.4375 0.57109375 0.02265625 0.0359375
0 0.43671875 0.56328125 0.01640625 0.02109375
0 0.40078125 0.50078125 0.0234375 0.03046875
0 0.42578125 0.50546875 0.01875 0.0265625
0 0.4375 0.5265625 0.02265625 0.03125
0 0.45859375 0.54375 0.02578125 0.05625
0 0.44765625 0.50546875 0.02265625 0.0328125
0 0.46875 0.4953125 0.01953125 0.02578125
0 0.47578125 0.5484375 0.0125 0.03359375
0 0.4890625 0.53828125 0.01953125 0.028125
0 0.4796875 0.5171875 0.01875 0.025
0 0.5 0.52265625 0.0203125 0.02890625
0 0.515625 0.54296875 0.02109375 0.02890625
0 0.53203125 0.53984375 0.02109375 0.02265625
0 0.5375 0.51875 0.02421875 0.02734375
0 0.515625 0.5078125 0.02265625 0.0265625
0 0.5046875 0.49140625 0.01953125 0.02109375
0 0.48828125 0.4953125 0.01171875 0.01875
0 0.5265625 0.4765625 0.01328125 0.0234375
0 0.534375 0.4890625 0.01875 0.0171875
0 0.54453125 0.4703125 0.02265625 0.028125
0 0.55078125 0.51328125 0.01328125 0.028125
0 0.57265625 0.5265625 0.025 0.0265625
0 0.56640625 0.50703125 0.02265625 0.02734375
0 0.56875 0.4859375 0.02109375 0.0203125
0 0.5921875 0.51484375 0.0140625 0.02734375
0 0.60859375 0.50859375 0.02265625 0.02734375
0 0.5890625 0.47421875 0.0140625 0.0234375
0 0.6 0.475 0.01484375 0.025
0 0.60390625 0.44921875 0.01953125 0.02265625
0 0.57890625 0.45390625 0.02265625 0.02890625
0 0.6234375 0.49609375 0.02734375 0.02578125
0 0.6453125 0.5078125 0.02421875 0.03125
0 0.62890625 0.47421875 0.0265625 0.03515625
0 0.63828125 0.43671875 0.0234375 0.028125
0 0.6546875 0.43359375 0.02109375 0.02890625
0 0.653125 0.4671875 0.0171875 0.021875
0 0.65859375 0.48984375 0.0203125 0.028125
0 0.67109375 0.50078125 0.0171875 0.02265625
0 0.6953125 0.5046875 0.02109375 0.0375
0 0.7125 0.5 0.01875 0.0359375
0 0.71015625 0.4734375 0.021875 0.01875
0 0.70859375 0.4578125 0.0234375 0.02421875
0 0.7328125 0.4875 0.0203125 0.0265625
0 0.74296875 0.51015625 0.01484375 0.02578125
0 0.7375 0.44453125 0.0265625 0.0328125
0 0.74453125 0.4578125 0.01328125 0.021875
0 0.759375 0.45703125 0.01796875 0.028125
0 0.76640625 0.47578125 0.02578125 0.02734375
0 0.7453125 0.48046875 0.015625 0.02578125
0 0.76953125 0.50859375 0.02578125 0.03359375
0 0.78515625 0.5 0.021875 0.03125
0 0.8 0.48046875 0.0234375 0.0265625
0 0.77890625 0.46015625 0.0203125 0.02734375
0 0.79765625 0.459375 0.021875 0.0234375
0 0.8015625 0.4359375 0.021875 0.0296875
0 0.81953125 0.475 0.0234375 0.0265625
0 0.8171875 0.49609375 0.028125 0.040625
0 0.83359375 0.49765625 0.0203125 0.03515625
0 0.84140625 0.4765625 0.01875 0.034375
0 0.84921875 0.44765625 0.02578125 0.0390625
0 0.8640625 0.50234375 0.0140625 0.03046875
0 0.8796875 0.49921875 0.02578125 0.0359375
0 0.88515625 0.4453125 0.021875 0.03046875
0 0.8703125 0.465625 0.0265625 0.0390625
0 0.89609375 0.4828125 0.02421875 0.03203125
0 0.9109375 0.50390625 0.02421875 0.02890625
0 0.8984375 0.46015625 0.025 0.01796875
0 0.92421875 0.4765625 0.0265625 0.0421875
0 0.93359375 0.5 0.0203125 0.0296875
0 0.9515625 0.4875 0.01953125 0.04453125
0 0.95 0.4375 0.02421875 0.025
0 0.98671875 0.4640625 0.02109375 0.01796875
0 0.98046875 0.4859375 0.0328125 0.03671875
0 0.71796875 0.41171875 0.02109375 0.03125
0 0.59921875 0.42734375 0.01328125 0.01484375