0 0.04453125 0.64921875 0.0234375 0.03203125
0 0.0515625 0.62890625 0.01640625 0.01875
0 0.06640625 0.63515625 0.02109375 0.025
0 0.0265625 0.6359375 0.025 0.0265625
0 0.01875 0.65703125 0.025 0.03203125
0 0.0078125 0.6015625 0.015625 0.0265625
0 0.01796875 0.59609375 0.015625 0.0234375
0 0.0328125 0.61875 0.025 0.01796875
0 0.01640625 0.553125 0.02109375 0.03046875
0 0.04765625 0.57578125 0.01640625 0.01796875
0 0.075 0.61953125 0.0234375 0.034375
0 0.0515625 0.59765625 0.021875 0.0203125
0 0.0578125 0.61875 0.0171875 0.02265625
0 0.05546875 0.55234375 0.01953125 0.02890625
0 0.071875 0.5828125 0.01640625 0.028125
0 0.08515625 0.57109375 0.021875 0.02421875
0 0.096875 0.625 0.0203125 0.02734375
0 0.11484375 0.63359375 0.0234375 0.02890625
0 0.11875 0.61015625 0.021875 0.025
0 0.09609375 0.6015625 0.02421875 0.028125
0 0.11484375 0.58828125 0.021875 0.028125
0 0.11484375 0.5734375 0.02109375 0.02421875
0 0.08671875 0.5453125 0.02109375 0.02421875
0 0.10546875 0.54765625 0.01875 0.02421875
0 0.0671875 0.5234375 0.02421875 0.025
0 0.090625 0.51796875 0.01953125 0.0265625
0 0.10234375 0.53125 0.01640625 0.01953125
0 0.09609375 0.4734375 0.01953125 0.0234375
0 0.13203125 0.51953125 0.0125 0.02578125
0 0.1203125 0.54921875 0.01640625 0.025
0 0.14609375 0.6046875 0.0234375 0.03046875
0 0.15546875 0.59296875 0.0171875 0.02109375
0 0.16015625 0.57265625 0.01875 0.025
0 0.1671875 0.559375 0.015625 0.01796875
0 0.1359375 0.565625 0.01640625 0.02890625
0 0.14609375 0.5546875 0.01953125 0.02578125
0 0.16015625 0.53671875 0.01796875 0.025
0 0.1703125 0.596875 0.01875 0.0265625
0 0.17734375 0.60703125 0.0203125 0.02421875
0 0.196875 0.6140625 0.01796875 0.0296875
0 0.21796875 0.6109375 0.0203125 0.02578125
0 0.1890625 0.603125 0.015625 0.02890625
0 0.1921875 0.55234375 0.02578125 0.02265625
0 0.20703125 0.58046875 0.01640625 0.03046875
0 0.22109375 0.5890625 0.01484375 0.02421875
0 0.234375 0.5953125 0.015625 0.028125
0 0.25 0.60234375 0.01484375 0.03046875
0 0.21640625 0.51015625 0.01953125 0.03515625
0 0.2375 0.54296875 0.01953125 0.021875
0 0.22578125 0.57109375 0.015625 0.03125
0 0.24453125 0.56796875 0.02265625 0.03203125
0 0.2453125 0.53125 0.0234375 0.0265625
0 0.25546875 0.50546875 0.01953125 0.02734375
0 0.26484375 0.4875 0.0203125 0.02265625
0 0.26484375 0.5328125 0.0140625 0.02421875
0 0.2609375 0.55625 0.00859375 0.01640625
0 0.26875 0.56953125 0.01484375 0.02578125
0 0.27109375 0.6015625 0.0171875 0.02578125
0 0.28515625 0.6109375 0.025 0.03515625
0 0.28984375 0.5875 0.02265625 0.03046875
0 0.3015625 0.6 0.0140625 0.03203125
0 0.315625 0.59375 0.01953125 0.0390625
0 0.3359375 0.59296875 0.01875 0.0375
0 0.28203125 0.55078125 0.01953125 0.02109375
0 0.29296875 0.5296875 0.01875 0.0265625
0 0.303125 0.54765625 0.0203125 0.03984375
0 0.32578125 0.55390625 0.015625 0.0359375
0 0.33671875 0.5640625 0.01640625 0.03515625
0 0.35234375 0.56640625 0.02265625 0.025
0 0.35078125 0.59609375 0.0109375 0.0265625
0 0.38046875 0.58125 0.01953125 0.034375
0 0.38359375 0.54921875 0.02109375 0.03203125
0 0.3078125 0.4734375 0.01953125 0.0328125
0 0.33046875 0.496875 0.021875 0.0265625
0 0.33515625 0.471875 0.02109375 0.02734375
0 0.3515625 0.50234375 0.01796875 0.0390625
0 0.41640625 0.4703125 0.01796875 0.02109375
0 0.41484375 0.49375 0.01796875 0.0296875
0 0.421875 0.5375 0.0203125 0.02734375
0 0.4125 0.5578125 0.01875 0.03125
0 0.42265625 0.575 0.01640625 0.02578125
0 0.43828125 0.52890625 0.01953125 0.021875
0 0.43046875 0.51171875 0.01015625 0.0234375
0 0.4484375 0.575 0.01796875 0.040625
0 0.465625 0.575 0.015625 0.03203125
0 0.4625 0.53359375 0.01484375 0.021875
0 0.4859375 0.5515625 0.01328125 0.0296875
0 0.471875 0.5203125 0.01171875 0.021875
0 0.4328125 0.55546875 0.02109375 0.02421875
0 0.475 0.4796875 0.01640625 0.02265625
0 0.496875 0.54296875 0.01875 0.0265625
0 0.5046875 0.571875 0.0203125 0.0359375
0 0.52578125 0.58359375 0.01328125 0.02265625
0 0.53671875 0.57578125 0.02265625 0.0328125
0 0.5171875 0.52734375 0.01796875 0.0265625
0 0.54375 0.53515625 0.02109375 0.02890625
0 0.553125 0.56171875 0.025 0.0421875
0 0.534375 0.51875 0.01484375 0.0296875
0 0.55703125 0.51171875 0.01796875 0.02734375
0 0.53125 0.45625 0.02109375 0.03203125
0 0.5125 0.4515625 0.0171875 0.03515625
0 0.5125 0.4890625 0.03125 0.03828125
0 0.57109375 0.52890625 0.0203125 0.03203125
0 0.5796875 0.56015625 0.02421875 0.03828125
0 0.5921875 0.509375 0.021875 0.03046875
0 0.58046875 0.4796875 0.021875 0.028125
0 0.61875 0.540625 0.01328125 0.02734375
0 0.625 0.5203125 0.025 0.02890625
0 0.64921875 0.51953125 0.01640625 0.02578125
0 0.61484375 0.496875 0.02109375 0.03203125
0 0.59921875 0.46015625 0.02109375 0.0296875
0 0.57890625 0.43515625 0.01875 0.01953125
0 0.57109375 0.40625 0.01484375 0.0203125
0 0.65859375 0.49609375 0.01953125 0.028125
0 0.665625 0.51875 0.01328125 0.02578125
0 0.6796875 0.521875 0.0203125 0.034375
0 0.6421875 0.4546875 0.02109375 0.0265625
0 0.64296875 0.48203125 0.0140625 0.0203125
0 0.68125 0.4890625 0.02578125 0.03203125
0 0.6921875 0.5140625 0.01953125 0.03125
0 0.6703125 0.4625 0.02421875 0.03046875
0 0.68671875 0.453125 0.02109375 0.0203125
0 0.64765625 0.43203125 0.02109375 0.0265625
0 0.66484375 0.41796875 0.01953125 0.028125
0 0.69375 0.40859375 0.0234375 0.03046875
0 0.6859375 0.43046875 0.0109375 0.02109375
0 0.70234375 0.43046875 0.01875 0.028125
0 0.71796875 0.50234375 0.021875 0.040625
0 0.74375 0.4890625 0.01953125 0.03125
0 0.7484375 0.51171875 0.0140625 0.0359375
0 0.75546875 0.47265625 0.01640625 0.0328125
0 0.759375 0.49765625 0.015625 0.02578125
0 0.77109375 0.4921875 0.01640625 0.03359375
0 0.75625 0.43359375 0.03046875 0.0453125
0 0.78359375 0.478125 0.02109375 0.02578125
0 0.809375 0.478125 0.01875 0.0296875
0 0.79609375 0.4609375 0.01875 0.0296875
0 0.78125 0.45078125 0.0171875 0.03359375
0 0.8140625 0.49609375 0.01875 0.0359375
0 0.796875 0.49453125 0.01875 0.02890625
0 0.83359375 0.48125 0.01796875 0.0203125
0 0.83046875 0.45546875 0.01953125 0.0296875
0 0.79453125 0.42421875 0.0171875 0.02109375
0 0.8078125 0.3953125 0.0203125 0.025
0 0.8234375 0.4109375 0.01953125 0.02734375
0 0.8375 0.41328125 0.02109375 0.02109375
0 0.84921875 0.4 0.02265625 0.028125
0 0.8234375 0.371875 0.0265625 0.03671875
0 0.86171875 0.478125 0.0203125 0.02578125
0 0.86328125 0.45390625 0.0140625 0.03046875
0 0.89765625 0.44140625 0.0203125 0.0359375
0 0.88046875 0.40234375 0.0125 0.03203125
0 0.8953125 0.37109375 0.021875 0.0296875
0 0.896875 0.4 0.01875 0.02421875
0 0.91484375 0.40390625 0.0234375 0.03125
0 0.91953125 0.4546875 0.0296875 0.03984375
0 0.928125 0.434375 0.021875 0.0296875
0 0.946875 0.4421875 0.01640625 0.0296875
0 0.965625 0.446875 0.01953125 0.034375
0 0.98203125 0.45390625 0.0203125 0.0375
0 0.97578125 0.40859375 0.0171875 0.03125
0 0.95078125 0.36328125 0.0140625 0.021875
0 0.93828125 0.3609375 0.01328125 0.0203125
0 0.96015625 0.32734375 0.01640625 0.025
0 0.9703125 0.3578125 0.01484375 0.0234375
0 0.87578125 0.43359375 0.01171875 0.01484375
0 0.86875 0.4 0.00859375 0.01875
0 0.9390625 0.37734375 0.0109375 0.0171875
0 0.9484375 0.39453125 0.009375 0.02265625
0 0.9515625 0.403125 0.0109375 0.0203125
0 0.98359375 0.38671875 0.0140625 0.01640625
0 0.99140625 0.4140625 0.0171875 0.0359375