0 0.0078125 0.59296875 0.01484375 0.021875
0 0.021875 0.57421875 0.021875 0.025
0 0.0265625 0.55703125 0.02109375 0.0265625
0 0.00703125 0.5671875 0.0140625 0.03203125
0 0.0078125 0.53984375 0.015625 0.021875
0 0.025 0.53203125 0.02109375 0.02265625
0 0.04609375 0.5484375 0.01640625 0.02421875
0 0.05078125 0.575 0.01875 0.02265625
0 0.06171875 0.56171875 0.01484375 0.03203125
0 0.0703125 0.5734375 0.01015625 0.01796875
0 0.075 0.5046875 0.01796875 0.02734375
0 0.0859375 0.55 0.025 0.021875
0 0.08125 0.5375 0.0109375 0.02109375
0 0.0890625 0.56640625 0.01484375 0.01640625
0 0.09453125 0.58515625 0.015625 0.021875
0 0.084375 0.5828125 0.0125 0.01953125
0 0.10390625 0.565625 0.0203125 0.02421875
0 0.11640625 0.56796875 0.01171875 0.01640625
0 0.11015625 0.54609375 0.01640625 0.01875
0 0.0984375 0.53359375 0.01328125 0.0171875
0 0.10703125 0.53203125 0.02578125 0.0203125
0 0.12734375 0.53515625 0.01015625 0.0171875
0 0.12421875 0.503125 0.02421875 0.02421875
0 0.13828125 0.55 0.01796875 0.0203125
0 0.13671875 0.575 0.009375 0.0140625
0 0.14921875 0.57578125 0.01953125 0.015625
0 0.14296875 0.60703125 0.0109375 0.01640625
0 0.08984375 0.59921875 0.0125 0.01328125
0 0.165625 0.553125 0.01953125 0.02578125
0 0.17265625 0.5328125 0.0171875 0.02265625
0 0.1921875 0.5421875 0.01640625 0.02421875
0 0.18125 0.5453125 0.0125 0.015625
0 0.18515625 0.52265625 0.015625 0.01328125
0 0.20078125 0.5125 0.01484375 0.01953125
0 0.21640625 0.515625 0.01640625 0.0203125
0 0.2046875 0.52890625 0.02109375 0.02421875
0 0.22734375 0.53359375 0.0171875 0.025
0 0.2265625 0.55703125 0.0171875 0.0171875
0 0.2359375 0.5390625 0.01015625 0.0203125
0 0.24453125 0.5328125 0.0140625 0.01875
0 0.24921875 0.50859375 0.01953125 0.01484375
0 0.25703125 0.525 0.01953125 0.025
0 0.27734375 0.52421875 0.01875 0.0265625
0 0.27265625 0.50390625 0.01640625 0.021875
0 0.2953125 0.4984375 0.01953125 0.02421875
0 0.29453125 0.51796875 0.01171875 0.01015625
0 0.3140625 0.5 0.01875 0.021875
0 0.32421875 0.534375 0.0171875 0.04296875
0 0.33359375 0.52421875 0.01640625 0.03984375
0 0.3515625 0.52734375 0.01484375 0.0328125
0 0.3609375 0.5296875 0.0140625 0.02734375
0 0.37734375 0.52734375 0.01640625 0.02421875
0 0.36328125 0.5109375 0.01953125 0.0234375
0 0.33984375 0.5015625 0.0203125 0.01875
0 0.3015625 0.5421875 0.0171875 0.0359375
0 0.3109375 0.53828125 0.009375 0.0203125
0 0.18828125 0.48359375 0.01015625 0.01484375
0 0.36953125 0.490625 0.01953125 0.01953125
0 0.38671875 0.51015625 0.0203125 0.0265625
0 0.39453125 0.521875 0.01796875 0.03203125
0 0.40078125 0.4859375 0.0171875 0.01875
0 0.41015625 0.51640625 0.01953125 0.0265625
0 0.4171875 0.53203125 0.02265625 0.0296875
0 0.44453125 0.50859375 0.0203125 0.02890625
0 0.44609375 0.48515625 0.01796875 0.025
0 0.4609375 0.4796875 0.01328125 0.021875
0 0.43828125 0.53203125 0.0109375 0.01640625
0 0.49296875 0.525 0.015625 0.03359375
0 0.47734375 0.50546875 0.02421875 0.0296875
0 0.49375 0.4828125 0.01875 0.01875
0 0.51328125 0.48359375 0.0171875 0.02265625
0 0.5046875 0.5015625 0.02109375 0.028125
0 0.509375 0.528125 0.00703125 0.01796875
0 0.528125 0.5140625 0.01875 0.0296875
0 0.52890625 0.4921875 0.0171875 0.01484375
0 0.5328125 0.47578125 0.0203125 0.01796875
0 0.5484375 0.496875 0.02109375 0.01640625
0 0.55390625 0.5203125 0.0296875 0.0265625
0 0.56953125 0.503125 0.0203125 0.0265625
0 0.5734375 0.48671875 0.01875 0.02109375
0 0.55390625 0.48671875 0.0125 0.02265625
0 0.55390625 0.46328125 0.0171875 0.025
0 0.58203125 0.4734375 0.0203125 0.0203125
0 0.6109375 0.51328125 0.01953125 0.03203125
0 0.60078125 0.50078125 0.01015625 0.015625
0 0.6125 0.47265625 0.01171875 0.01328125
0 0.6484375 0.509375 0.01640625 0.03125
0 0.65859375 0.49453125 0.01953125 0.0328125
0 0.68046875 0.50078125 0.0234375 0.02734375
0 0.7 0.51015625 0.02109375 0.02578125
0 0.67734375 0.4796875 0.02109375 0.01640625
0 0.6953125 0.46484375 0.025 0.025
0 0.74453125 0.5125 0.01953125 0.021875
0 0.74375 0.4734375 0.028125 0.0234375
0 0.759375 0.5015625 0.0109375 0.02265625
0 0.7703125 0.515625 0.01484375 0.03203125
0 0.784375 0.52734375 0.02265625 0.025
0 0.8015625 0.52265625 0.01328125 0.0234375
0 0.78515625 0.50546875 0.0203125 0.0234375
0 0.79921875 0.4984375 0.01796875 0.01875
0 0.81875 0.49765625 0.01875 0.0234375
0 0.84453125 0.478125 0.02109375 0.015625
0 0.84609375 0.5296875 0.01875 0.01796875
0 0.85390625 0.51484375 0.02265625 0.03828125
0 0.8828125 0.521875 0.02109375 0.021875
0 0.86953125 0.48046875 0.0203125 0.02109375
0 0.88125 0.51875 0.02578125 0.03828125
0 0.90390625 0.5265625 0.01953125 0.02734375
0 0.9171875 0.5359375 0.01875 0.01953125
0 0.928125 0.509375 0.01875 0.02734375
0 0.90703125 0.49140625 0.01875 0.01953125
0 0.94609375 0.5015625 0.02265625 0.02421875
0 0.95 0.5390625 0.0171875 0.0265625
0 0.9671875 0.5359375 0.0203125 0.03125
0 0.9765625 0.50859375 0.025 0.021875
0 0.9671875 0.52265625 0.03125 0.02734375
0 0.99296875 0.52890625 0.0140625 0.0390625
0 0.9921875 0.49296875 0.015625 0.0265625
0 0.625 0.49375 0.01953125 0.03203125