0 0.06875 0.44609375 0.01875 0.0171875
0 0.01171875 0.4703125 0.0203125 0.01484375
0 0.01796875 0.4921875 0.021875 0.02109375
0 0.03046875 0.50546875 0.01796875 0.025
0 0.0328125 0.4859375 0.01796875 0.01328125
0 0.040625 0.496875 0.0171875 0.02421875
0 0.04140625 0.475 0.01796875 0.01328125
0 0.05546875 0.47109375 0.015625 0.01640625
0 0.07109375 0.47421875 0.021875 0.01640625
0 0.059375 0.4875 0.0171875 0.0234375
0 0.0703125 0.503125 0.015625 0.0171875
0 0.0828125 0.48984375 0.01875 0.01796875
0 0.10546875 0.4609375 0.01875 0.0203125
0 0.10078125 0.4859375 0.0171875 0.021875
0 0.1171875 0.5 0.015625 0.01484375
0 0.13671875 0.48515625 0.0171875 0.01796875
0 0.12265625 0.45625 0.0140625 0.01328125
0 0.1171875 0.475 0.01640625 0.0140625
0 0.0109375 0.51328125 0.021875 0.0234375
0 0.00390625 0.48515625 0.0078125 0.0171875
0 0.06640625 0.4578125 0.01484375 0.01171875
0 0.1359375 0.46171875 0.015625 0.01484375
0 0.14140625 0.5 0.02265625 0.01796875
0 0.15859375 0.484375 0.02109375 0.0203125
0 0.1484375 0.475 0.01796875 0.01796875
0 0.1171875 0.48828125 0.0203125 0.01328125
0 0.15859375 0.45546875 0.02421875 0.01484375
0 0.17265625 0.48671875 0.02265625 0.0234375
0 0.1796875 0.46875 0.01796875 0.01328125
0 0.1625 0.4703125 0.021875 0.01953125
0 0.18515625 0.440625 0.02109375 0.01875
0 0.2109375 0.44921875 0.01953125 0.01328125
0 0.18984375 0.45859375 0.02578125 0.0140625
0 0.1890625 0.47421875 0.01484375 0.01875
0 0.19765625 0.490625 0.02109375 0.0171875
0 0.2015625 0.47890625 0.01953125 0.01953125
0 0.21484375 0.47421875 0.0265625 0.02265625
0 0.2375 0.45390625 0.01953125 0.01484375
0 0.2328125 0.4703125 0.01640625 0.01953125
0 0.25703125 0.48359375 0.01640625 0.01484375
0 0.24765625 0.47578125 0.0203125 0.01875
0 0.2578125 0.45234375 0.01796875 0.02109375
0 0.26484375 0.46875 0.01953125 0.01953125
0 0.22578125 0.4875 0.02109375 0.015625
0 0.23828125 0.4875 0.0203125 0.0171875
0 0.3328125 0.41015625 0.0203125 0.015625
0 0.27421875 0.4546875 0.0203125 0.0203125
0 0.2953125 0.45078125 0.02421875 0.01640625
0 0.2765625 0.478125 0.01796875 0.01796875
0 0.2703125 0.49140625 0.01484375 0.0125
0 0.28515625 0.4875 0.0140625 0.01640625
0 0.29296875 0.46328125 0.02265625 0.01875
0 0.30078125 0.4734375 0.0203125 0.025
0 0.28984375 0.4796875 0.0140625 0.01875
0 0.309375 0.45859375 0.01796875 0.01796875
0 0.3171875 0.4734375 0.0171875 0.01328125
0 0.3234375 0.45390625 0.0203125 0.01953125
0 0.33515625 0.44453125 0.01640625 0.01640625
0 0.3328125 0.46953125 0.015625 0.02421875
0 0.34609375 0.47421875 0.01875 0.01953125
0 0.3484375 0.4578125 0.02109375 0.01796875
0 0.33125 0.4734375 0.0171875 0.015625
0 0.35625 0.4453125 0.0234375 0.0140625
0 0.36328125 0.43671875 0.021875 0.02265625
0 0.38046875 0.434375 0.01875 0.0171875
0 0.3703125 0.47109375 0.0171875 0.0140625
0 0.36171875 0.4671875 0.0140625 0.021875
0 0.37578125 0.45546875 0.02109375 0.0140625
0 0.38984375 0.4640625 0.02109375 0.01640625
0 0.3984375 0.45234375 0.01953125 0.01484375
0 0.38125 0.475 0.01953125 0.01953125
0 0.38671875 0.4421875 0.0140625 0.01875
0 0.39921875 0.43671875 0.01875 0.01484375
0 0.41171875 0.4578125 0.01640625 0.01640625
0 0.4046875 0.47421875 0.01953125 0.02734375
0 0.42734375 0.465625 0.02265625 0.021875
0 0.4203125 0.43671875 0.021875 0.01875
0 0.42578125 0.39921875 0.01796875 0.0140625
0 0.43125 0.42734375 0.01640625 0.00859375
0 0.440625 0.42109375 0.01171875 0.00859375
0 0.4453125 0.43125 0.02421875 0.015625
0 0.4125 0.50078125 0.0125 0.015625
0 0.440625 0.446875 0.0234375 0.01796875
0 0.45546875 0.44765625 0.0140625 0.0203125
0 0.45078125 0.4640625 0.01640625 0.01796875
0 0.44140625 0.45859375 0.01640625 0.01484375
0 0.4640625 0.47890625 0.015625 0.03046875
0 0.4765625 0.47421875 0.021875 0.0203125
0 0.4703125 0.45546875 0.02265625 0.02421875
0 0.47890625 0.4453125 0.02109375 0.01640625
0 0.49140625 0.4328125 0.0234375 0.01953125
0 0.4984375 0.45234375 0.02109375 0.01875
0 0.503125 0.46171875 0.0234375 0.0234375
0 0.5125 0.4234375 0.01328125 0.01328125
0 0.51875 0.43359375 0.0203125 0.01796875
0 0.51171875 0.44453125 0.0203125 0.01328125
0 0.528125 0.4640625 0.01796875 0.0234375
0 0.5171875 0.46328125 0.0125 0.0234375
0 0.5328125 0.44296875 0.01875 0.01484375
0 0.54765625 0.446875 0.0234375 0.02265625
0 0.53671875 0.434375 0.02109375 0.0171875
0 0.54609375 0.46484375 0.0234375 0.02109375
0 0.56875 0.44296875 0.0234375 0.015625
0 0.56875 0.428125 0.01484375 0.0171875
0 0.58984375 0.43515625 0.021875 0.01796875
0 0.56328125 0.4640625 0.01015625 0.01875
0 0.5734375 0.46796875 0.0109375 0.01328125
0 0.55859375 0.48046875 0.0140625 0.01796875
0 0.58046875 0.459375 0.01796875 0.021875
0 0.596875 0.4515625 0.01640625 0.0171875
0 0.60234375 0.465625 0.01640625 0.01796875
0 0.61640625 0.43203125 0.01328125 0.0171875
0 0.6046875 0.44140625 0.0171875 0.01484375
0 0.615625 0.4515625 0.01640625 0.0171875
0 0.628125 0.46875 0.0140625 0.015625
0 0.625 0.453125 0.01328125 0.01953125
0 0.64375 0.46484375 0.01640625 0.0234375
0 0.64765625 0.45078125 0.01796875 0.02109375
0 0.63984375 0.44296875 0.0140625 0.0109375
0 0.65703125 0.434375 0.0140625 0.01171875
0 0.67265625 0.440625 0.01875 0.0171875
0 0.671875 0.453125 0.009375 0.01875
0 0.66015625 0.44765625 0.01484375 0.01953125
0 0.69765625 0.43984375 0.021875 0.0140625
0 0.6875 0.42578125 0.01875 0.01015625
0 0.6734375 0.4296875 0.0140625 0.0109375
0 0.7203125 0.4328125 0.021875 0.01328125
0 0.74375 0.43515625 0.0234375 0.01171875
0 0.753125 0.41171875 0.0234375 0.0171875
0 0.71796875 0.44921875 0.01796875 0.01640625
0 0.7375 0.4484375 0.028125 0.01875
0 0.659375 0.46796875 0.01484375 0.01484375
0 0.675 0.46875 0.0171875 0.0234375
0 0.6875 0.45 0.0171875 0.0171875
0 0.76875 0.43203125 0.0171875 0.015625
0 0.74921875 0.46015625 0.021875 0.01328125
0 0.7359375 0.46328125 0.01484375 0.01640625
0 0.7546875 0.44921875 0.01640625 0.01484375
0 0.76953125 0.4484375 0.01953125 0.01640625
0 0.77109375 0.4609375 0.01953125 0.0140625
0 0.79140625 0.4375 0.0125 0.0171875
0 0.78984375 0.459375 0.01953125 0.0296875
0 0.7984375 0.48671875 0.01171875 0.01484375
0 0.83671875 0.4421875 0.01640625 0.0109375
0 0.8578125 0.43515625 0.0171875 0.01875
0 0.84921875 0.45 0.021875 0.01484375
0 0.859375 0.45625 0.01796875 0.01796875
0 0.85234375 0.46953125 0.02109375 0.01796875
0 0.85703125 0.4984375 0.01953125 0.0125
0 0.8796875 0.44609375 0.01953125 0.01640625
0 0.8796875 0.4640625 0.015625 0.015625
0 0.8671875 0.4703125 0.01484375 0.01953125
0 0.8890625 0.48515625 0.01796875 0.015625
0 0.8953125 0.46953125 0.0125 0.01796875
0 0.89765625 0.4546875 0.02109375 0.0140625
0 0.89609375 0.440625 0.02265625 0.01171875
0 0.9125 0.446875 0.021875 0.01015625
0 0.91328125 0.47109375 0.025 0.01640625
0 0.93828125 0.484375 0.01796875 0.03125
0 0.9546875 0.453125 0.0234375 0.0140625
0 0.971875 0.44296875 0.021875 0.01484375
0 0.97578125 0.4578125 0.01875 0.0125
0 0.9796875 0.47734375 0.02265625 0.01796875
0 0.93046875 0.47421875 0.01796875 0.02578125