0 0.009375 0.57421875 0.01875 0.03828125
0 0.01640625 0.5078125 0.015625 0.028125
0 0.02890625 0.55703125 0.01953125 0.040625
0 0.0390625 0.53828125 0.02734375 0.03515625
0 0.0578125 0.51171875 0.01875 0.02890625
0 0.08671875 0.52578125 0.02265625 0.04140625
0 0.0671875 0.5359375 0.01484375 0.03125
0 0.11015625 0.5125 0.0234375 0.03671875
0 0.0765625 0.47890625 0.01484375 0.03828125
0 0.11796875 0.4640625 0.021875 0.02734375
0 0.103125 0.4671875 0.0140625 0.0234375
0 0.14453125 0.46328125 0.01796875 0.03359375
0 0.1453125 0.52578125 0.01328125 0.03828125
0 0.1359375 0.4953125 0.0171875 0.02578125
0 0.16171875 0.52890625 0.021875 0.0390625
0 0.1796875 0.53203125 0.01484375 0.03359375
0 0.175 0.5546875 0.02265625 0.028125
0 0.2171875 0.496875 0.02265625 0.0265625
0 0.22421875 0.5203125 0.01484375 0.028125
0 0.2375 0.465625 0.01796875 0.02265625
0 0.24921875 0.47890625 0.0171875 0.02265625
0 0.253125 0.53125 0.01796875 0.02734375
0 0.28359375 0.5078125 0.02109375 0.04140625
0 0.31015625 0.52734375 0.02109375 0.03125
0 0.3234375 0.51875 0.0171875 0.03046875
0 0.32421875 0.4921875 0.015625 0.025
0 0.33828125 0.503125 0.01640625 0.034375
0 0.35546875 0.50625 0.0171875 0.0328125
0 0.37578125 0.5078125 0.02109375 0.03515625
0 0.384375 0.521875 0.0171875 0.02890625
0 0.41171875 0.5234375 0.02109375 0.02734375
0 0.4078125 0.4921875 0.01953125 0.025
0 0.3890625 0.4921875 0.01640625 0.0265625
0 0.35859375 0.46640625 0.0234375 0.034375
0 0.3828125 0.4390625 0.021875 0.0265625
0 0.35078125 0.3859375 0.0234375 0.0234375
0 0.41953125 0.46484375 0.021875 0.02265625
0 0.4453125 0.459375 0.02109375 0.025
0 0.44375 0.50703125 0.01484375 0.0453125
0 0.46015625 0.51328125 0.01953125 0.03203125
0 0.47421875 0.521875 0.01328125 0.02890625
0 0.48828125 0.5203125 0.01484375 0.03359375
0 0.49453125 0.5109375 0.0234375 0.04296875
0 0.47734375 0.47421875 0.02109375 0.0265625
0 0.4859375 0.44921875 0.0171875 0.01640625
0 0.5078125 0.478125 0.01875 0.02578125
0 0.51953125 0.43046875 0.02109375 0.02265625
0 0.55703125 0.52734375 0.0234375 0.0296875
0 0.5609375 0.50234375 0.02421875 0.03359375
0 0.565625 0.47734375 0.02265625 0.02890625
0 0.5328125 0.51640625 0.0140625 0.02421875
0 0.53359375 0.534375 0.01328125 0.021875
0 0.559375 0.425 0.02421875 0.02734375
0 0.584375 0.4328125 0.0171875 0.02734375
0 0.58671875 0.4765625 0.0171875 0.0265625
0 0.58046875 0.51015625 0.0140625 0.03828125
0 0.59375 0.51015625 0.01796875 0.03203125
0 0.61015625 0.51328125 0.015625 0.02890625
0 0.62734375 0.51953125 0.01796875 0.028125
0 0.62421875 0.49609375 0.01796875 0.0265625
0 0.546875 0.465625 0.0125 0.034375
0 0.59609375 0.446875 0.01875 0.02734375
0 0.61796875 0.42734375 0.01640625 0.02734375
0 0.6359375 0.43125 0.0171875 0.021875
0 0.64453125 0.5109375 0.01640625 0.0296875
0 0.6640625 0.51171875 0.0203125 0.02734375
0 0.67734375 0.49296875 0.0171875 0.0265625
0 0.68828125 0.51171875 0.02421875 0.02734375
0 0.69609375 0.49921875 0.0203125 0.02421875
0 0.71171875 0.51171875 0.021875 0.0265625
0 0.7140625 0.47421875 0.0234375 0.025
0 0.68671875 0.465625 0.025 0.01796875
0 0.69609375 0.453125 0.01953125 0.01796875
0 0.66796875 0.44296875 0.03046875 0.025
0 0.68984375 0.42734375 0.01953125 0.01640625
0 0.71640625 0.4421875 0.01953125 0.025
0 0.73515625 0.50625 0.02109375 0.03125
0 0.73671875 0.528125 0.021875 0.025
0 0.76328125 0.51796875 0.01953125 0.03671875
0 0.746875 0.4734375 0.0234375 0.02734375
0 0.75546875 0.4546875 0.01875 0.01875
0 0.77578125 0.4546875 0.0203125 0.02421875
0 0.78125 0.50546875 0.015625 0.028125
0 0.79140625 0.4734375 0.01796875 0.03046875
0 0.80234375 0.446875 0.02265625 0.01875
0 0.81171875 0.5171875 0.015625 0.0296875
0 0.8265625 0.5234375 0.0203125 0.03046875
0 0.82890625 0.49765625 0.01796875 0.02421875
0 0.85234375 0.48984375 0.0203125 0.02890625
0 0.8625 0.50625 0.01484375 0.0296875
0 0.88828125 0.5140625 0.0203125 0.02421875
0 0.90078125 0.521875 0.025 0.0296875
0 0.921875 0.53046875 0.0203125 0.028125
0 0.921875 0.50703125 0.0203125 0.025
0 0.9359375 0.49765625 0.0171875 0.01640625
0 0.92890625 0.48359375 0.02109375 0.021875
0 0.9515625 0.4734375 0.02109375 0.01171875
0 0.95390625 0.48671875 0.01484375 0.0203125
0 0.9578125 0.5 0.02265625 0.0203125
0 0.9453125 0.5390625 0.01875 0.0265625
0 0.97578125 0.48828125 0.02109375 0.0203125
0 0.98671875 0.521875 0.02421875 0.02265625
0 0.9828125 0.5515625 0.01796875 0.01328125
0 0.98828125 0.56015625 0.01640625 0.01875
0 0.91796875 0.5875 0.0171875 0.0296875