0 0.00546875 0.6515625 0.0109375 0.03125
0 0.01484375 0.6640625 0.0203125 0.025
0 0.028125 0.67734375 0.009375 0.01484375
0 0.00703125 0.61953125 0.01328125 0.025
0 0.01328125 0.64609375 0.0171875 0.01875
0 0.01796875 0.63515625 0.0125 0.021875
0 0.02578125 0.61484375 0.0234375 0.0265625
0 0.02265625 0.584375 0.01953125 0.03125
0 0.0078125 0.57265625 0.0140625 0.025
0 0.00703125 0.59296875 0.01328125 0.01875
0 0.0390625 0.56171875 0.0203125 0.02578125
0 0.03125 0.64296875 0.01953125 0.02890625
0 0.040625 0.63828125 0.02265625 0.0328125
0 0.0359375 0.6640625 0.02109375 0.02421875
0 0.0484375 0.61328125 0.01953125 0.0328125
0 0.06015625 0.5921875 0.009375 0.01875
0 0.06171875 0.56484375 0.01875 0.02890625
0 0.0921875 0.56328125 0.01875 0.0234375
0 0.08203125 0.57890625 0.015625 0.02109375
0 0.07109375 0.62109375 0.01484375 0.0328125
0 0.071875 0.60390625 0.01484375 0.028125
0 0.0875 0.6234375 0.01875 0.02578125
0 0.090625 0.60234375 0.02109375 0.02890625
0 0.09609375 0.59140625 0.0171875 0.02734375
0 0.1078125 0.56015625 0.01875 0.0421875
0 0.12265625 0.56484375 0.021875 0.028125
0 0.11875 0.5921875 0.0234375 0.0390625
0 0.11015625 0.61328125 0.021875 0.03515625
0 0.1375 0.5953125 0.0171875 0.0296875
0 0.13984375 0.575 0.015625 0.01875
0 0.15625 0.58515625 0.02265625 0.03125
0 0.1578125 0.54375 0.01484375 0.01796875
0 0.1640625 0.5578125 0.01953125 0.01640625
0 0.16875 0.578125 0.01640625 0.0375
0 0.1859375 0.57421875 0.01640625 0.03671875
0 0.18359375 0.55546875 0.01640625 0.0265625
0 0.225 0.52890625 0.0171875 0.034375
0 0.2078125 0.5109375 0.01796875 0.021875
0 0.1828125 0.5359375 0.01796875 0.025
0 0.2171875 0.54609375 0.01484375 0.02109375
0 0.20546875 0.58203125 0.01640625 0.02109375
0 0.21171875 0.55859375 0.0375 0.046875
0 0.23515625 0.57265625 0.01953125 0.0390625
0 0.24375 0.5125 0.01953125 0.0375
0 0.25859375 0.51953125 0.01640625 0.02109375
0 0.25859375 0.55 0.0203125 0.02890625
0 0.26796875 0.53828125 0.0203125 0.0296875
0 0.2703125 0.57265625 0.021875 0.0375
0 0.253125 0.5765625 0.01484375 0.03046875
0 0.28125 0.51015625 0.0125 0.02109375
0 0.29140625 0.5109375 0.009375 0.02265625
0 0.30703125 0.51484375 0.01953125 0.028125
0 0.246875 0.44375 0.0140625 0.025
0 0.23203125 0.54375 0.0125 0.01171875
0 0.32109375 0.5 0.0171875 0.034375
0 0.33671875 0.50859375 0.01796875 0.028125
0 0.33515625 0.46875 0.0171875 0.0234375
0 0.3265625 0.54921875 0.01328125 0.025
0 0.2953125 0.52734375 0.02265625 0.0375
0 0.29140625 0.55859375 0.02109375 0.034375
0 0.3140625 0.55078125 0.0203125 0.0359375
0 0.32734375 0.56796875 0.01640625 0.02890625
0 0.3546875 0.5140625 0.015625 0.028125
0 0.3484375 0.546875 0.02109375 0.034375
0 0.3625 0.55625 0.02734375 0.03359375
0 0.365625 0.528125 0.0171875 0.03984375
0 0.38046875 0.52578125 0.02265625 0.0453125
0 0.39140625 0.496875 0.015625 0.02578125
0 0.41484375 0.53046875 0.01640625 0.03515625
0 0.434375 0.5125 0.01953125 0.02734375
0 0.43984375 0.53515625 0.01484375 0.028125
0 0.428125 0.53125 0.01484375 0.028125
0 0.44609375 0.50703125 0.01875 0.02734375
0 0.45625 0.5 0.01796875 0.03203125
0 0.46484375 0.525 0.01796875 0.0328125
0 0.48046875 0.46171875 0.02578125 0.0296875
0 0.478125 0.490625 0.02421875 0.025
0 0.47734375 0.5109375 0.0203125 0.0234375
0 0.49609375 0.5171875 0.02265625 0.02265625
0 0.5125 0.52578125 0.01875 0.02890625
0 0.51796875 0.5109375 0.009375 0.01796875
0 0.50625 0.4921875 0.0203125 0.02890625
0 0.53125 0.53515625 0.0171875 0.03203125
0 0.54375 0.53046875 0.01171875 0.025
0 0.54140625 0.50859375 0.02109375 0.02578125
0 0.52421875 0.490625 0.0125 0.01796875
0 0.5296875 0.509375 0.01171875 0.0171875
0 0.559375 0.4734375 0.0203125 0.028125
0 0.56640625 0.4953125 0.01640625 0.02109375
0 0.55546875 0.52265625 0.015625 0.0234375
0 0.56328125 0.51484375 0.00859375 0.02109375
0 0.571875 0.5265625 0.015625 0.0390625
0 0.6078125 0.496875 0.01875 0.025
0 0.63359375 0.52421875 0.01953125 0.02578125
0 0.66171875 0.49765625 0.01953125 0.0265625
0 0.66171875 0.45 0.01953125 0.02265625
0 0.6296875 0.459375 0.01171875 0.01875
0 0.61484375 0.4859375 0.01328125 0.0203125
0 0.625 0.5 0.02265625 0.02265625
0 0.6125 0.5234375 0.01953125 0.0421875
0 0.6421875 0.54765625 0.009375 0.01640625
0 0.66484375 0.55234375 0.0125 0.01640625
0 0.67734375 0.4921875 0.01484375 0.015625
0 0.6890625 0.51875 0.01640625 0.01484375
0 0.7015625 0.503125 0.015625 0.01953125
0 0.69609375 0.49375 0.0140625 0.0140625
0 0.69453125 0.47421875 0.0171875 0.025
0 0.71328125 0.48984375 0.01953125 0.01796875
0 0.71171875 0.47578125 0.0109375 0.01171875
0 0.69921875 0.534375 0.015625 0.021875
0 0.68984375 0.5546875 0.03125 0.02578125
0 0.74140625 0.5078125 0.01875 0.0296875
0 0.72109375 0.53515625 0.0203125 0.02734375
0 0.73515625 0.4765625 0.009375 0.015625
0 0.74453125 0.4875 0.009375 0.009375
0 0.75390625 0.55078125 0.0203125 0.02109375
0 0.7703125 0.54609375 0.021875 0.01953125
0 0.7796875 0.50625 0.015625 0.0234375
0 0.8125 0.5046875 0.021875 0.0140625
0 0.80390625 0.5234375 0.02109375 0.0171875
0 0.8296875 0.5125 0.01875 0.015625
0 0.821875 0.53671875 0.01484375 0.01640625
0 0.83515625 0.528125 0.0171875 0.01875
0 0.84765625 0.51796875 0.01796875 0.0125
0 0.90859375 0.52890625 0.02265625 0.0296875
0 0.92734375 0.5203125 0.01484375 0.0265625
0 0.94765625 0.509375 0.021875 0.02421875
0 0.9171875 0.50625 0.02109375 0.015625
0 0.978125 0.52421875 0.0265625 0.02421875
0 0.97890625 0.55546875 0.02578125 0.02109375
0 0.99296875 0.53984375 0.0140625 0.0171875
0 0.96015625 0.53125 0.028125 0.02734375
0 0.940625 0.534375 0.01796875 0.0296875