0 0.01484375 0.6109375 0.02265625 0.02578125
0 0.0234375 0.59453125 0.01953125 0.01875
0 0.03203125 0.58828125 0.01171875 0.0234375
0 0.04609375 0.59453125 0.01015625 0.01484375
0 0.04296875 0.615625 0.01875 0.025
0 0.00859375 0.58125 0.01015625 0.01875
0 0.02265625 0.5640625 0.0171875 0.02421875
0 0.03828125 0.56484375 0.01015625 0.01875
0 0.05 0.58125 0.0109375 0.02109375
0 0.05703125 0.553125 0.02109375 0.015625
0 0.06484375 0.59140625 0.01796875 0.02421875
0 0.07734375 0.56953125 0.01796875 0.01953125
0 0.06015625 0.61640625 0.01640625 0.01796875
0 0.07109375 0.61484375 0.01171875 0.0125
0 0.128125 0.60234375 0.021875 0.025
0 0.1078125 0.596875 0.01953125 0.02578125
0 0.1140625 0.578125 0.01484375 0.0171875
0 0.0953125 0.58359375 0.01796875 0.01640625
0 0.1078125 0.53125 0.021875 0.0296875
0 0.15390625 0.5171875 0.0203125 0.01953125
0 0.14375 0.55703125 0.025 0.02734375
0 0.175 0.575 0.01875 0.02265625
0 0.1953125 0.56484375 0.02109375 0.02265625
0 0.19921875 0.5859375 0.02421875 0.028125
0 0.19296875 0.5421875 0.015625 0.01875
0 0.17578125 0.52890625 0.01796875 0.0171875
0 0.22890625 0.51875 0.02109375 0.021875
0 0.1703125 0.48203125 0.01953125 0.02265625
0 0.21328125 0.5421875 0.01796875 0.02578125
0 0.23125 0.575 0.01953125 0.0328125
0 0.23984375 0.55390625 0.0125 0.01328125
0 0.25 0.571875 0.021875 0.03046875
0 0.26015625 0.55078125 0.01875 0.02421875
0 0.2484375 0.53984375 0.01796875 0.02421875
0 0.27734375 0.53984375 0.01875 0.0203125
0 0.29375 0.5265625 0.0203125 0.01875
0 0.28515625 0.57265625 0.0203125 0.02109375
0 0.32890625 0.53828125 0.02109375 0.01640625
0 0.3078125 0.52890625 0.01484375 0.0171875
0 0.2828125 0.5546875 0.0203125 0.0203125
0 0.284375 0.5015625 0.01796875 0.021875
0 0.31796875 0.490625 0.01640625 0.01328125
0 0.3390625 0.4796875 0.0171875 0.01875
0 0.34765625 0.53125 0.0203125 0.03125
0 0.36640625 0.534375 0.01953125 0.02109375
0 0.3546875 0.4984375 0.01953125 0.01953125
0 0.353125 0.478125 0.0140625 0.01953125
0 0.378125 0.52890625 0.01875 0.028125
0 0.38671875 0.52109375 0.0125 0.015625
0 0.42421875 0.4859375 0.01640625 0.015625
0 0.43203125 0.51796875 0.0140625 0.03125
0 0.43984375 0.49609375 0.0203125 0.01484375
0 0.46875 0.51640625 0.0203125 0.034375
0 0.44921875 0.453125 0.02265625 0.0234375
0 0.446875 0.478125 0.02109375 0.025
0 0.4828125 0.453125 0.0203125 0.03203125
0 0.4921875 0.50703125 0.0203125 0.0265625
0 0.4984375 0.52265625 0.015625 0.025
0 0.515625 0.50546875 0.015625 0.0265625
0 0.49296875 0.48828125 0.009375 0.0109375
0 0.50234375 0.4828125 0.01875 0.0234375
0 0.51953125 0.48125 0.02109375 0.02265625
0 0.53359375 0.496875 0.01875 0.0203125
0 0.540625 0.48203125 0.021875 0.01640625
0 0.53828125 0.46796875 0.0171875 0.01875
0 0.54609375 0.5171875 0.0203125 0.02109375
0 0.559375 0.503125 0.028125 0.01953125
0 0.57265625 0.48828125 0.0296875 0.02265625
0 0.58984375 0.4921875 0.01875 0.028125
0 0.553125 0.453125 0.01875 0.015625
0 0.6015625 0.49375 0.0109375 0.0265625
0 0.6140625 0.4890625 0.01484375 0.03203125
0 0.63046875 0.49453125 0.02265625 0.02578125
0 0.6046875 0.46171875 0.0140625 0.02578125
0 0.62109375 0.4625 0.021875 0.0171875
0 0.6171875 0.44375 0.021875 0.01796875
0 0.6390625 0.471875 0.02421875 0.01953125
0 0.64296875 0.453125 0.0203125 0.01875
0 0.6390625 0.43203125 0.02265625 0.0203125
0 0.6578125 0.440625 0.02421875 0.01953125
0 0.70078125 0.41328125 0.02265625 0.01796875
0 0.69375 0.43203125 0.02109375 0.01796875
0 0.6828125 0.45234375 0.0171875 0.015625
0 0.6828125 0.48515625 0.01640625 0.01875
0 0.67109375 0.478125 0.015625 0.02578125
0 0.66171875 0.478125 0.0171875 0.025
0 0.65546875 0.46171875 0.015625 0.0265625
0 0.7359375 0.4296875 0.01953125 0.01875
0 0.72578125 0.43984375 0.015625 0.0140625
0 0.76328125 0.4484375 0.02265625 0.01640625
0 0.7671875 0.4640625 0.02265625 0.01640625
0 0.7796875 0.4796875 0.02890625 0.0328125
0 0.79296875 0.45234375 0.02265625 0.021875
0 0.79609375 0.421875 0.01171875 0.0140625
0 0.80703125 0.478125 0.01796875 0.03984375
0 0.825 0.47109375 0.01953125 0.01796875
0 0.828125 0.4375 0.01953125 0.0171875
0 0.81953125 0.453125 0.0203125 0.021875
0 0.85234375 0.43671875 0.021875 0.02578125
0 0.86015625 0.45703125 0.0203125 0.01875
0 0.85625 0.47734375 0.03046875 0.03359375
0 0.88359375 0.47890625 0.0265625 0.021875
0 0.86640625 0.49609375 0.02421875 0.015625
0 0.9 0.4921875 0.028125 0.02734375
0 0.8953125 0.465625 0.01640625 0.01796875
0 0.8765625 0.43359375 0.02421875 0.01484375
0 0.9046875 0.44296875 0.02421875 0.01875
0 0.92421875 0.44375 0.01796875 0.015625
0 0.903125 0.45703125 0.025 0.015625
0 0.96875 0.446875 0.02890625 0.0234375
0 0.97421875 0.4640625 0.0265625 0.01640625
0 0.99296875 0.45546875 0.0140625 0.015625
0 0.99140625 0.4859375 0.01640625 0.02734375
0 0.965625 0.4890625 0.025 0.03515625
0 0.50625 0.434375 0.0171875 0.028125