0 0.02265625 0.52578125 0.02109375 0.02265625
0 0.0359375 0.50234375 0.01796875 0.02109375
0 0.03125 0.490625 0.0171875 0.02265625
0 0.01796875 0.465625 0.02109375 0.02578125
0 0.04921875 0.459375 0.01640625 0.02109375
0 0.09453125 0.48515625 0.0203125 0.025
0 0.0921875 0.471875 0.01875 0.0203125
0 0.1109375 0.50703125 0.01875 0.0234375
0 0.1109375 0.48515625 0.01640625 0.0265625
0 0.13203125 0.43828125 0.01640625 0.021875
0 0.10546875 0.4515625 0.0140625 0.01484375
0 0.13984375 0.503125 0.021875 0.025
0 0.16953125 0.4953125 0.0140625 0.02890625
0 0.15390625 0.4828125 0.015625 0.02109375
0 0.1875 0.49453125 0.015625 0.028125
0 0.1984375 0.478125 0.021875 0.03046875
0 0.2109375 0.48828125 0.028125 0.046875
0 0.19140625 0.45234375 0.01953125 0.02265625
0 0.24765625 0.440625 0.03046875 0.03203125
0 0.27265625 0.44375 0.01796875 0.0203125
0 0.23359375 0.46953125 0.01875 0.01953125
0 0.25703125 0.4734375 0.01796875 0.0234375
0 0.2953125 0.47421875 0.0140625 0.02890625
0 0.29375 0.453125 0.01875 0.0140625
0 0.30859375 0.45234375 0.01953125 0.0171875
0 0.3328125 0.45625 0.0265625 0.02578125
0 0.33203125 0.48125 0.0203125 0.03125
0 0.35859375 0.46953125 0.02421875 0.0296875
0 0.3765625 0.48359375 0.01796875 0.04921875
0 0.3546875 0.440625 0.0234375 0.015625
0 0.3859375 0.42109375 0.02265625 0.015625
0 0.40546875 0.471875 0.021875 0.028125
0 0.40390625 0.453125 0.01953125 0.0328125
0 0.42578125 0.459375 0.01796875 0.04140625
0 0.4328125 0.421875 0.02109375 0.01484375
0 0.409375 0.40703125 0.0203125 0.01796875
0 0.4359375 0.40625 0.021875 0.01953125
0 0.46015625 0.40703125 0.021875 0.0203125
0 0.43984375 0.46953125 0.0203125 0.03984375
0 0.46875 0.48515625 0.0203125 0.02734375
0 0.46328125 0.4546875 0.015625 0.02578125
0 0.4984375 0.42890625 0.015625 0.02265625
0 0.50703125 0.4765625 0.02421875 0.04375
0 0.5234375 0.46015625 0.01640625 0.0265625
0 0.54375 0.48203125 0.02265625 0.03125
0 0.51171875 0.4046875 0.015625 0.02265625
0 0.52578125 0.42265625 0.0171875 0.02578125
0 0.53671875 0.44453125 0.01953125 0.03046875
0 0.565625 0.48359375 0.0203125 0.0390625
0 0.56171875 0.51015625 0.01796875 0.02734375
0 0.5796875 0.51796875 0.015625 0.0296875
0 0.5984375 0.4984375 0.0234375 0.02578125
0 0.59765625 0.53359375 0.02578125 0.0265625
0 0.61953125 0.5359375 0.0203125 0.02578125
0 0.6359375 0.54140625 0.025 0.034375
0 0.6625 0.5421875 0.0265625 0.03203125
0 0.63828125 0.51796875 0.01796875 0.034375
0 0.6390625 0.465625 0.01953125 0.03125
0 0.63125 0.44296875 0.0234375 0.02421875
0 0.653125 0.4765625 0.0234375 0.02890625
0 0.68359375 0.47578125 0.02109375 0.0203125
0 0.7109375 0.4875 0.01953125 0.0265625
0 0.68203125 0.49921875 0.0203125 0.01796875
0 0.68671875 0.5203125 0.02265625 0.02890625
0 0.7203125 0.50703125 0.02109375 0.01875
0 0.70546875 0.52265625 0.02265625 0.03125
0 0.72578125 0.534375 0.0234375 0.03125
0 0.73984375 0.58203125 0.0265625 0.0359375
0 0.7484375 0.53984375 0.0234375 0.0296875
0 0.76328125 0.53828125 0.01875 0.0265625
0 0.765625 0.559375 0.0203125 0.01953125
0 0.76953125 0.6046875 0.0296875 0.034375
0 0.78046875 0.6171875 0.0203125 0.0296875
0 0.8015625 0.60546875 0.01640625 0.0296875
0 0.81640625 0.56484375 0.01328125 0.02734375
0 0.81875 0.59296875 0.0171875 0.0234375
0 0.81796875 0.61640625 0.0171875 0.02265625
0 0.82265625 0.64140625 0.02109375 0.0265625
0 0.815625 0.6640625 0.02265625 0.0390625
0 0.79140625 0.66875 0.01328125 0.0140625
0 0.83984375 0.60703125 0.0234375 0.02421875
0 0.8703125 0.6125 0.02109375 0.0265625
0 0.8578125 0.6515625 0.0203125 0.0171875
0 0.8859375 0.64375 0.01875 0.0265625
0 0.8515625 0.66796875 0.01875 0.01953125
0 0.834375 0.66328125 0.0171875 0.0265625
0 0.828125 0.6890625 0.01875 0.028125
0 0.83984375 0.6984375 0.01953125 0.0390625
0 0.87109375 0.67109375 0.015625 0.0359375
0 0.8578125 0.69453125 0.01640625 0.034375
0 0.8875 0.66875 0.01875 0.0328125
0 0.86015625 0.72109375 0.021875 0.03125
0 0.859375 0.74609375 0.0171875 0.02421875
0 0.878125 0.76953125 0.01796875 0.03046875
0 0.88046875 0.7375 0.015625 0.034375
0 0.9015625 0.73828125 0.0203125 0.0296875
0 0.92265625 0.7109375 0.0234375 0.03359375
0 0.9296875 0.75078125 0.0203125 0.02890625
0 0.9140625 0.79921875 0.021875 0.03203125
0 0.90546875 0.77578125 0.0234375 0.0296875
0 0.96171875 0.803125 0.01875 0.0296875
0 0.98125 0.78515625 0.0234375 0.0296875
0 0.97890625 0.8265625 0.02265625 0.0265625
0 0.96640625 0.840625 0.01953125 0.02890625
0 0.9421875 0.8703125 0.02265625 0.03046875
0 0.9515625 0.8890625 0.02265625 0.028125
0 0.95625 0.9078125 0.021875 0.028125
0 0.9796875 0.86796875 0.021875 0.02890625
0 0.98046875 0.92109375 0.021875 0.02734375