0 0.00703125 0.715625 0.0140625 0.025
0 0.0203125 0.6953125 0.01484375 0.021875
0 0.03828125 0.67578125 0.02421875 0.034375
0 0.05390625 0.66796875 0.02109375 0.03203125
0 0.01875 0.66640625 0.0234375 0.03515625
0 0.00390625 0.671875 0.0078125 0.034375
0 0.0078125 0.63046875 0.01484375 0.02890625
0 0.02734375 0.62890625 0.02265625 0.02734375
0 0.04296875 0.6421875 0.0234375 0.03046875
0 0.05625 0.58984375 0.02734375 0.0359375
0 0.078125 0.63671875 0.021875 0.03046875
0 0.06953125 0.65 0.02421875 0.0375
0 0.1 0.66328125 0.0171875 0.021875
0 0.13984375 0.6875 0.028125 0.02734375
0 0.09765625 0.6359375 0.01875 0.025
0 0.1046875 0.6171875 0.02109375 0.0359375
0 0.0890625 0.5859375 0.0203125 0.02578125
0 0.125 0.615625 0.02265625 0.0328125
0 0.14765625 0.625 0.02578125 0.0359375
0 0.13046875 0.58125 0.02421875 0.02734375
0 0.0890625 0.5609375 0.0265625 0.02421875
0 0.11328125 0.5921875 0.01640625 0.02265625
0 0.17734375 0.609375 0.01953125 0.0328125
0 0.15390625 0.584375 0.025 0.03515625
0 0.15078125 0.55546875 0.0265625 0.025
0 0.175 0.5734375 0.02421875 0.03515625
0 0.19296875 0.58203125 0.01640625 0.0328125
0 0.18984375 0.53515625 0.02109375 0.03671875
0 0.196875 0.56875 0.021875 0.03671875
0 0.22734375 0.56484375 0.021875 0.0296875
0 0.25546875 0.5640625 0.03125 0.0375
0 0.2109375 0.50390625 0.034375 0.03984375
0 0.2140625 0.5328125 0.01953125 0.0265625
0 0.23828125 0.5375 0.0265625 0.03359375
0 0.25390625 0.51953125 0.0328125 0.0359375
0 0.23125 0.51484375 0.01796875 0.021875
0 0.26015625 0.4953125 0.0203125 0.0265625
0 0.2796875 0.50234375 0.02109375 0.0296875
0 0.30546875 0.53984375 0.01953125 0.034375
0 0.32265625 0.52890625 0.028125 0.0265625
0 0.3375 0.51015625 0.01875 0.02578125
0 0.353125 0.5203125 0.02421875 0.03125
0 0.3046875 0.49609375 0.0203125 0.02578125
0 0.31875 0.50390625 0.02109375 0.02734375
0 0.29296875 0.47109375 0.02421875 0.034375
0 0.33671875 0.48671875 0.03046875 0.03125
0 0.3703125 0.50078125 0.021875 0.03125
0 0.35703125 0.4765625 0.0359375 0.03828125
0 0.38359375 0.48984375 0.02109375 0.03125
0 0.3921875 0.51484375 0.025 0.0296875
0 0.41640625 0.5078125 0.02578125 0.0515625
0 0.4046875 0.45625 0.021875 0.0375
0 0.38203125 0.4578125 0.0234375 0.02890625
0 0.3703125 0.41640625 0.021875 0.02421875
0 0.35625 0.3890625 0.02578125 0.02421875
0 0.4265625 0.43515625 0.02265625 0.02109375
0 0.4390625 0.4515625 0.02109375 0.025
0 0.42265625 0.475 0.021875 0.0421875
0 0.446875 0.47421875 0.0203125 0.02578125
0 0.4625 0.4921875 0.0203125 0.0390625
0 0.44765625 0.49375 0.025 0.0265625
0 0.48203125 0.4984375 0.02734375 0.03671875
0 0.47890625 0.47109375 0.03359375 0.03515625
0 0.46015625 0.45859375 0.0234375 0.03515625
0 0.45625 0.42421875 0.0203125 0.02578125
0 0.4703125 0.41484375 0.02421875 0.03203125
0 0.5046875 0.44609375 0.02421875 0.03203125
0 0.5 0.4765625 0.0203125 0.04140625
0 0.51875 0.4796875 0.0234375 0.03671875
0 0.528125 0.46953125 0.01875 0.04140625
0 0.54296875 0.475 0.0203125 0.0375
0 0.55078125 0.5015625 0.0234375 0.02734375
0 0.56171875 0.48125 0.01953125 0.03046875
0 0.503125 0.39296875 0.0265625 0.0390625
0 0.53125 0.41953125 0.025 0.0265625
0 0.5265625 0.39921875 0.0203125 0.03203125
0 0.55 0.409375 0.0234375 0.03125
0 0.5640625 0.43515625 0.021875 0.03203125
0 0.55703125 0.45703125 0.021875 0.028125
0 0.58203125 0.4734375 0.021875 0.028125
0 0.57265625 0.4109375 0.01640625 0.028125
0 0.603125 0.4640625 0.0265625 0.0265625
0 0.60859375 0.48203125 0.02265625 0.02734375
0 0.6171875 0.45703125 0.025 0.0375
0 0.60234375 0.43671875 0.02109375 0.02265625
0 0.59375 0.42734375 0.01796875 0.0265625
0 0.59453125 0.40078125 0.021875 0.03203125
0 0.621875 0.40546875 0.02578125 0.0328125
0 0.63828125 0.46328125 0.02265625 0.028125
0 0.64375 0.44375 0.01953125 0.02421875
0 0.66015625 0.45546875 0.021875 0.03671875
0 0.66484375 0.4078125 0.02578125 0.03828125
0 0.6859375 0.42265625 0.021875 0.03828125
0 0.690625 0.4515625 0.0234375 0.025
0 0.67578125 0.46015625 0.01796875 0.03125
0 0.69140625 0.39453125 0.02109375 0.021875
0 0.71171875 0.42890625 0.0203125 0.03046875
0 0.7296875 0.42890625 0.01796875 0.0375
0 0.71796875 0.3984375 0.025 0.0328125
0 0.7578125 0.45 0.02578125 0.028125
0 0.7765625 0.4421875 0.02109375 0.0265625
0 0.7671875 0.41953125 0.0203125 0.02734375
0 0.75078125 0.4109375 0.0203125 0.0234375
0 0.771875 0.38984375 0.0203125 0.028125
0 0.79296875 0.3796875 0.01484375 0.034375
0 0.7859375 0.4046875 0.01640625 0.02265625
0 0.81328125 0.42421875 0.01875 0.0296875
0 0.82421875 0.43984375 0.01953125 0.0328125
0 0.7984375 0.44609375 0.0296875 0.03984375
0 0.81484375 0.396875 0.02265625 0.0265625
0 0.83125 0.378125 0.021875 0.028125
0 0.85 0.4046875 0.02421875 0.03046875
0 0.853125 0.3859375 0.02109375 0.01875
0 0.840625 0.425 0.021875 0.025
0 0.853125 0.45 0.01953125 0.034375
0 0.8671875 0.4390625 0.02890625 0.03515625
0 0.88359375 0.45078125 0.02109375 0.02890625
0 0.89921875 0.45234375 0.01875 0.03046875
0 0.92421875 0.4515625 0.0171875 0.028125
0 0.91015625 0.4140625 0.02265625 0.02890625
0 0.90703125 0.3890625 0.021875 0.02734375
0 0.92265625 0.403125 0.02265625 0.03203125
0 0.93984375 0.39375 0.02109375 0.0265625
0 0.9375 0.4296875 0.03125 0.0390625
0 0.96484375 0.434375 0.02421875 0.03125
0 0.98203125 0.415625 0.02109375 0.02734375
0 0.96640625 0.39453125 0.02734375 0.02109375
0 0.9875 0.45390625 0.025 0.0296875
0 0.9609375 0.4546875 0.02578125 0.02265625