0 0.0359375 0.4234375 0.025 0.0234375
0 0.03046875 0.44375 0.0265625 0.0234375
0 0.0453125 0.4 0.02265625 0.02265625
0 0.0703125 0.41484375 0.01953125 0.02421875
0 0.08515625 0.409375 0.01953125 0.03203125
0 0.103125 0.41015625 0.0234375 0.02734375
0 0.07265625 0.39296875 0.021875 0.02578125
0 0.075 0.37421875 0.02265625 0.02109375
0 0.090625 0.3640625 0.021875 0.0296875
0 0.115625 0.36015625 0.021875 0.02109375
0 0.13125 0.3703125 0.021875 0.02578125
0 0.12734375 0.403125 0.02265625 0.02578125
0 0.10546875 0.37421875 0.01875 0.03828125
0 0.15703125 0.3921875 0.02578125 0.0328125
0 0.17421875 0.365625 0.021875 0.028125
0 0.20390625 0.34921875 0.01875 0.02421875
0 0.21171875 0.340625 0.02578125 0.025
0 0.23671875 0.34375 0.02265625 0.025
0 0.2640625 0.3453125 0.0265625 0.0296875
0 0.2828125 0.3359375 0.02578125 0.03125
0 0.31640625 0.3734375 0.0171875 0.021875
0 0.3484375 0.3625 0.02734375 0.0390625
0 0.34765625 0.40078125 0.02578125 0.03203125
0 0.3734375 0.37734375 0.028125 0.03515625
0 0.38671875 0.325 0.02265625 0.02265625
0 0.3609375 0.32734375 0.02421875 0.0234375
0 0.3453125 0.33671875 0.01484375 0.015625
0 0.39453125 0.3640625 0.01953125 0.02578125
0 0.4125 0.37890625 0.0171875 0.02578125
0 0.425 0.36015625 0.0203125 0.021875
0 0.41328125 0.34140625 0.01640625 0.02265625
0 0.434375 0.38671875 0.028125 0.0421875
0 0.465625 0.3828125 0.0234375 0.034375
0 0.465625 0.34609375 0.0171875 0.03359375
0 0.48359375 0.34140625 0.02109375 0.02734375
0 0.4828125 0.4046875 0.0203125 0.03359375
0 0.49765625 0.4265625 0.02421875 0.0234375
0 0.50390625 0.38046875 0.02265625 0.03359375
0 0.51953125 0.409375 0.025 0.0265625
0 0.521875 0.43359375 0.02578125 0.0296875
0 0.5390625 0.42734375 0.0234375 0.028125
0 0.559375 0.42421875 0.02265625 0.01953125
0 0.55625 0.44921875 0.01796875 0.0359375
0 0.553125 0.40234375 0.01953125 0.025
0 0.57421875 0.40703125 0.02265625 0.028125
0 0.55234375 0.38359375 0.01171875 0.02578125
0 0.57265625 0.38046875 0.021875 0.025
0 0.525 0.36328125 0.02578125 0.03515625
0 0.57890625 0.43984375 0.02109375 0.034375
0 0.59375 0.41796875 0.0171875 0.02890625
0 0.61171875 0.428125 0.0171875 0.034375
0 0.603125 0.40234375 0.01796875 0.0171875
0 0.5859375 0.4703125 0.01953125 0.03359375
0 0.58125 0.49609375 0.02109375 0.03125
0 0.5984375 0.4890625 0.01484375 0.028125
0 0.6140625 0.49609375 0.0203125 0.03515625
0 0.60625 0.4625 0.021875 0.03515625
0 0.6203125 0.4578125 0.0234375 0.03203125
0 0.63984375 0.45625 0.0203125 0.03203125
0 0.65 0.44296875 0.02109375 0.03046875
0 0.640625 0.503125 0.0296875 0.04453125
0 0.671875 0.496875 0.0328125 0.05234375
0 0.6703125 0.53203125 0.02421875 0.02890625
0 0.69375 0.54765625 0.025 0.0359375
0 0.7140625 0.553125 0.02109375 0.0359375
0 0.72578125 0.54296875 0.02578125 0.028125
0 0.7125 0.521875 0.0171875 0.028125
0 0.73515625 0.515625 0.02421875 0.03515625
0 0.6984375 0.48984375 0.021875 0.03359375
0 0.7203125 0.471875 0.02890625 0.025
0 0.7515625 0.4953125 0.01953125 0.02890625
0 0.7421875 0.54140625 0.0171875 0.02890625
0 0.76171875 0.53359375 0.02265625 0.025
0 0.77734375 0.521875 0.021875 0.02734375
0 0.8125 0.52421875 0.0265625 0.0375
0 0.7671875 0.55390625 0.015625 0.01875
0 0.75234375 0.575 0.0234375 0.03125
0 0.7734375 0.578125 0.02109375 0.03671875
0 0.7859375 0.6015625 0.021875 0.0296875
0 0.79921875 0.61015625 0.0234375 0.03359375
0 0.803125 0.58515625 0.01875 0.021875
0 0.80546875 0.5609375 0.01953125 0.021875
0 0.8234375 0.5984375 0.02265625 0.034375
0 0.8078125 0.625 0.01875 0.03046875
0 0.82265625 0.64140625 0.02578125 0.040625
0 0.83984375 0.634375 0.01953125 0.03984375
0 0.84765625 0.578125 0.0171875 0.03359375
0 0.8375 0.56015625 0.01875 0.02890625
0 0.8421875 0.596875 0.01953125 0.02890625
0 0.86015625 0.63359375 0.0203125 0.02734375
0 0.8671875 0.67265625 0.01328125 0.03046875
0 0.859375 0.684375 0.01171875 0.0171875
0 0.88515625 0.62890625 0.02578125 0.03046875
0 0.8953125 0.60390625 0.0234375 0.03046875
0 0.871875 0.603125 0.025 0.02421875
0 0.87421875 0.575 0.03046875 0.03359375
0 0.87734375 0.653125 0.021875 0.021875
0 0.88125 0.68671875 0.01328125 0.0328125
0 0.88984375 0.6703125 0.01796875 0.02421875
0 0.90703125 0.6515625 0.01953125 0.03515625
0 0.928125 0.65234375 0.025 0.02734375
0 0.9125 0.7078125 0.02734375 0.0296875
0 0.8953125 0.69375 0.01875 0.03046875
0 0.93046875 0.6984375 0.01484375 0.0328125
0 0.95078125 0.69140625 0.03046875 0.03359375
0 0.9203125 0.73359375 0.02421875 0.03046875
0 0.94453125 0.725 0.02578125 0.0296875
0 0.94296875 0.74765625 0.02578125 0.0296875
0 0.96796875 0.659375 0.02109375 0.0359375
0 0.97578125 0.703125 0.01796875 0.03515625
0 0.96171875 0.72265625 0.01875 0.02578125
0 0.97265625 0.740625 0.02265625 0.03203125
0 0.97421875 0.76328125 0.02421875 0.0328125
0 0.971875 0.7890625 0.01875 0.02734375
0 0.97890625 0.81640625 0.01328125 0.02421875
0 0.99453125 0.70859375 0.0109375 0.0359375
0 0.99140625 0.771875 0.0171875 0.028125
0 0.99140625 0.78984375 0.0171875 0.025
0 0.99140625 0.815625 0.0140625 0.03515625
0 0.7859375 0.5546875 0.0109375 0.01953125
0 0.4921875 0.453125 0.0171875 0.025
0 0.47109375 0.428125 0.0109375 0.03125
0 0.48203125 0.4328125 0.01015625 0.02734375