0 0.01015625 0.48203125 0.01171875 0.0296875
0 0.00546875 0.43984375 0.0109375 0.028125
0 0.03828125 0.403125 0.01640625 0.0234375
0 0.059375 0.40234375 0.0203125 0.03203125
0 0.075 0.4203125 0.0203125 0.0359375
0 0.02734375 0.4921875 0.01953125 0.03671875
0 0.04296875 0.4890625 0.0125 0.03828125
0 0.05390625 0.503125 0.01953125 0.03125
0 0.0265625 0.46640625 0.02109375 0.02734375
0 0.04921875 0.45390625 0.0203125 0.04375
0 0.0546875 0.46953125 0.021875 0.03671875
0 0.0734375 0.4890625 0.0234375 0.040625
0 0.09375 0.4625 0.02109375 0.03515625
0 0.10390625 0.44453125 0.0140625 0.02109375
0 0.11875 0.43828125 0.01015625 0.0265625
0 0.12421875 0.43515625 0.0140625 0.03203125
0 0.11640625 0.45234375 0.02265625 0.015625
0 0.1453125 0.44375 0.01796875 0.02109375
0 0.109375 0.484375 0.0171875 0.01953125
0 0.10078125 0.49765625 0.0171875 0.03125
0 0.1140625 0.46328125 0.01953125 0.02890625
0 0.13125 0.5 0.0203125 0.02734375
0 0.13984375 0.47734375 0.0234375 0.03359375
0 0.159375 0.46015625 0.02265625 0.03046875
0 0.1421875 0.45390625 0.01953125 0.01796875
0 0.15078125 0.5078125 0.01796875 0.02421875
0 0.171875 0.41640625 0.0171875 0.02421875
0 0.171875 0.43359375 0.0140625 0.01328125
0 0.153125 0.48828125 0.021875 0.0359375
0 0.1828125 0.49453125 0.021875 0.0296875
0 0.20078125 0.49296875 0.0171875 0.03125
0 0.2140625 0.51015625 0.02890625 0.0453125
0 0.2296875 0.51015625 0.025 0.05078125
0 0.20390625 0.46328125 0.0171875 0.02890625
0 0.1828125 0.45390625 0.02734375 0.02890625
0 0.225 0.44296875 0.01640625 0.02734375
0 0.2453125 0.4140625 0.01640625 0.02734375
0 0.2453125 0.45390625 0.02109375 0.0296875
0 0.23359375 0.4703125 0.02265625 0.028125
0 0.2484375 0.48828125 0.0203125 0.01328125
0 0.25703125 0.475 0.021875 0.02109375
0 0.24921875 0.5046875 0.0140625 0.025
0 0.2484375 0.53125 0.021875 0.02890625
0 0.2625 0.50625 0.01953125 0.02890625
0 0.26953125 0.49296875 0.01640625 0.02109375
0 0.29296875 0.44921875 0.02109375 0.028125
0 0.275 0.5265625 0.01953125 0.0359375
0 0.28671875 0.5125 0.0203125 0.0328125
0 0.290625 0.528125 0.01875 0.03203125
0 0.2984375 0.53203125 0.0125 0.03046875
0 0.29140625 0.48828125 0.01953125 0.028125
0 0.31640625 0.43828125 0.02109375 0.034375
0 0.33359375 0.4515625 0.01640625 0.034375
0 0.31640625 0.53828125 0.0234375 0.03984375
0 0.3234375 0.52109375 0.01796875 0.0296875
0 0.33359375 0.50546875 0.01953125 0.0328125
0 0.33984375 0.48125 0.0203125 0.0390625
0 0.37109375 0.5234375 0.025 0.03984375
0 0.37734375 0.55 0.02421875 0.03125
0 0.3546875 0.509375 0.02265625 0.040625
0 0.37734375 0.47890625 0.021875 0.02890625
0 0.378125 0.45546875 0.02109375 0.021875
0 0.39296875 0.48125 0.0203125 0.03125
0 0.375 0.4984375 0.028125 0.02578125
0 0.41015625 0.471875 0.01875 0.02890625
0 0.43359375 0.4484375 0.02109375 0.0296875
0 0.421875 0.465625 0.015625 0.0265625
0 0.41953125 0.50234375 0.01796875 0.0265625
0 0.40703125 0.49765625 0.015625 0.028125
0 0.41171875 0.53203125 0.01875 0.046875
0 0.41953125 0.56875 0.01953125 0.021875
0 0.34921875 0.5453125 0.0140625 0.03046875
0 0.39453125 0.52578125 0.0203125 0.04140625
0 0.4421875 0.53125 0.0203125 0.03515625
0 0.4625 0.471875 0.01640625 0.02421875
0 0.4421875 0.46953125 0.01484375 0.02578125
0 0.47421875 0.50078125 0.01796875 0.02734375
0 0.4609375 0.53046875 0.0171875 0.0296875
0 0.478125 0.52109375 0.0203125 0.02734375
0 0.484375 0.53984375 0.0234375 0.0359375
0 0.49765625 0.56640625 0.01953125 0.03125
0 0.4984375 0.48203125 0.02109375 0.0265625
0 0.5 0.51953125 0.0234375 0.0328125
0 0.51328125 0.51328125 0.0171875 0.03046875
0 0.4578125 0.503125 0.0234375 0.0390625
0 0.55078125 0.4859375 0.0234375 0.0359375
0 0.54140625 0.509375 0.02265625 0.03046875
0 0.52265625 0.5578125 0.021875 0.04375
0 0.534375 0.5328125 0.025 0.04296875
0 0.56015625 0.54921875 0.0203125 0.0359375
0 0.57734375 0.5609375 0.01796875 0.03125
0 0.58984375 0.50234375 0.01953125 0.028125
0 0.6203125 0.50625 0.02109375 0.025
0 0.6421875 0.51015625 0.015625 0.021875
0 0.6078125 0.57578125 0.01796875 0.0390625
0 0.62109375 0.55234375 0.0203125 0.02890625
0 0.6375 0.53984375 0.0171875 0.02578125
0 0.62578125 0.584375 0.0140625 0.02734375
0 0.640625 0.57578125 0.021875 0.04453125
0 0.65859375 0.578125 0.02421875 0.0390625
0 0.659375 0.53203125 0.01640625 0.025
0 0.678125 0.51171875 0.01328125 0.0296875
0 0.67578125 0.61328125 0.02109375 0.02734375
0 0.6765625 0.58671875 0.01953125 0.034375
0 0.68671875 0.6015625 0.021875 0.03359375
0 0.70234375 0.58515625 0.021875 0.0296875
0 0.7 0.54140625 0.01328125 0.021875
0 0.690625 0.55234375 0.01328125 0.0140625
0 0.7359375 0.553125 0.0203125 0.02421875
0 0.73203125 0.5953125 0.01875 0.02265625
0 0.73984375 0.6203125 0.02578125 0.034375
0 0.7484375 0.60234375 0.021875 0.0296875
0 0.7484375 0.5640625 0.01875 0.0296875
0 0.76015625 0.5875 0.01953125 0.03125
0 0.790625 0.59765625 0.02109375 0.0265625
0 0.78125 0.575 0.01796875 0.03046875
0 0.81015625 0.60234375 0.01796875 0.0265625
0 0.825 0.6078125 0.0125 0.02265625
0 0.83984375 0.615625 0.01953125 0.028125
0 0.86875 0.5796875 0.01875 0.02578125
0 0.85859375 0.6140625 0.0125 0.01484375
0 0.85546875 0.63359375 0.0140625 0.025
0 0.84453125 0.65234375 0.01875 0.02109375
0 0.86640625 0.64609375 0.01796875 0.0296875
0 0.86875 0.6234375 0.02265625 0.02265625
0 0.890625 0.58125 0.01875 0.021875
0 0.8859375 0.60546875 0.01328125 0.01796875
0 0.8859375 0.6375 0.01953125 0.02890625
0 0.88984375 0.66328125 0.025 0.03046875
0 0.915625 0.64765625 0.0140625 0.02890625
0 0.96953125 0.66015625 0.01484375 0.03359375
0 0.9390625 0.6328125 0.01484375 0.02734375