0 0.0125 0.62109375 0.015625 0.0359375
0 0.0265625 0.62734375 0.0203125 0.040625
0 0.04609375 0.62578125 0.021875 0.0359375
0 0.04140625 0.6015625 0.02734375 0.0359375
0 0.0203125 0.58125 0.03125 0.034375
0 0.015625 0.54453125 0.015625 0.02890625
0 0.025 0.5421875 0.01484375 0.03125
0 0.04140625 0.52734375 0.0265625 0.02890625
0 0.0375 0.54453125 0.01640625 0.0203125
0 0.0375 0.5734375 0.01640625 0.02734375
0 0.04921875 0.5640625 0.01953125 0.0375
0 0.07265625 0.60234375 0.02421875 0.0359375
0 0.08984375 0.5953125 0.02578125 0.03203125
0 0.07421875 0.575 0.0171875 0.03046875
0 0.0625 0.553125 0.025 0.03671875
0 0.10546875 0.59140625 0.02734375 0.0359375
0 0.09296875 0.5625 0.03125 0.0390625
0 0.10859375 0.54375 0.02734375 0.0375
0 0.121875 0.57109375 0.021875 0.03515625
0 0.13203125 0.59375 0.01484375 0.03125
0 0.1359375 0.5671875 0.015625 0.0203125
0 0.134375 0.5453125 0.01796875 0.03203125
0 0.13203125 0.53125 0.0171875 0.0234375
0 0.1484375 0.50546875 0.01171875 0.0203125
0 0.15859375 0.50546875 0.0140625 0.02265625
0 0.153125 0.5390625 0.01796875 0.0375
0 0.15 0.56640625 0.01953125 0.0375
0 0.17734375 0.55 0.03046875 0.028125
0 0.171875 0.5265625 0.0203125 0.028125
0 0.1875 0.51171875 0.02421875 0.03203125
0 0.1859375 0.53203125 0.02578125 0.034375
0 0.20390625 0.5078125 0.01640625 0.02578125
0 0.2203125 0.44765625 0.015625 0.02890625
0 0.22265625 0.521875 0.03203125 0.04375
0 0.2125 0.4734375 0.03359375 0.028125
0 0.178125 0.46484375 0.0140625 0.01875
0 0.17890625 0.446875 0.01328125 0.01640625
0 0.1875 0.4734375 0.0125 0.0171875
0 0.190625 0.46015625 0.0078125 0.01015625
0 0.1703125 0.453125 0.0125 0.02265625
0 0.175 0.4859375 0.015625 0.015625
0 0.19296875 0.4875 0.0125 0.02265625
0 0.22890625 0.4984375 0.01875 0.021875
0 0.246875 0.51875 0.02109375 0.03203125
0 0.2390625 0.47578125 0.0234375 0.02734375
0 0.240625 0.45078125 0.0171875 0.021875
0 0.2453125 0.4921875 0.01171875 0.01796875
0 0.26015625 0.48984375 0.01875 0.0296875
0 0.26953125 0.5109375 0.01953125 0.021875
0 0.26015625 0.46015625 0.01875 0.02578125
0 0.278125 0.46015625 0.01328125 0.01796875
0 0.27265625 0.4703125 0.0203125 0.025
0 0.29609375 0.5015625 0.0234375 0.02421875
0 0.2859375 0.49140625 0.0296875 0.0359375
0 0.29296875 0.4359375 0.0234375 0.0296875
0 0.2953125 0.4671875 0.01953125 0.03046875
0 0.3125 0.46796875 0.025 0.03046875
0 0.3203125 0.48828125 0.025 0.0265625
0 0.3359375 0.5046875 0.0203125 0.01796875
0 0.340625 0.48203125 0.0234375 0.0328125
0 0.3296875 0.46328125 0.02109375 0.034375
0 0.3078125 0.44765625 0.0171875 0.0171875
0 0.35234375 0.46484375 0.01953125 0.0359375
0 0.3609375 0.475 0.0234375 0.02734375
0 0.3765625 0.46953125 0.021875 0.03359375
0 0.35859375 0.54609375 0.02265625 0.040625
0 0.32421875 0.4359375 0.01953125 0.02421875
0 0.35859375 0.40703125 0.02109375 0.03046875
0 0.3546875 0.44296875 0.01484375 0.02578125
0 0.3765625 0.4234375 0.02421875 0.03046875
0 0.38828125 0.39921875 0.02578125 0.0359375
0 0.3765625 0.4453125 0.02265625 0.0265625
0 0.403125 0.43203125 0.01796875 0.03125
0 0.39453125 0.46015625 0.02421875 0.03984375
0 0.4015625 0.46171875 0.0109375 0.02421875
0 0.4203125 0.43359375 0.02109375 0.0328125
0 0.4390625 0.46796875 0.0265625 0.0296875
0 0.44375 0.43828125 0.025 0.034375
0 0.44765625 0.409375 0.0234375 0.03046875
0 0.46484375 0.43671875 0.01796875 0.04765625
0 0.484375 0.45859375 0.025 0.05078125
0 0.4875 0.4328125 0.02265625 0.02890625
0 0.50546875 0.4546875 0.03125 0.0296875
0 0.4703125 0.353125 0.01484375 0.015625
0 0.49609375 0.41015625 0.0171875 0.025
0 0.5171875 0.39921875 0.025 0.03125
0 0.51171875 0.42734375 0.021875 0.03125
0 0.53359375 0.4546875 0.0140625 0.03515625
0 0.52890625 0.43125 0.0125 0.02734375
0 0.5484375 0.44375 0.02578125 0.0265625
0 0.54453125 0.403125 0.0234375 0.021875
0 0.57734375 0.4015625 0.0375 0.0296875
0 0.57109375 0.42578125 0.025 0.02421875
0 0.5734375 0.4515625 0.021875 0.03125
0 0.5828125 0.47109375 0.0125 0.028125
0 0.58984375 0.44375 0.01796875 0.0296875
0 0.59765625 0.459375 0.01640625 0.03125
0 0.61484375 0.47890625 0.0109375 0.01484375
0 0.61640625 0.4625 0.0234375 0.0234375
0 0.6078125 0.440625 0.028125 0.028125
0 0.6 0.41875 0.01953125 0.0203125
0 0.60390625 0.384375 0.02265625 0.025
0 0.6171875 0.41875 0.0203125 0.02890625
0 0.6265625 0.39921875 0.00859375 0.01171875
0 0.61796875 0.39921875 0.0171875 0.01953125
0 0.64296875 0.3984375 0.0265625 0.028125
0 0.63984375 0.38125 0.01484375 0.02109375
0 0.63125 0.4265625 0.01875 0.02578125
0 0.64375 0.45546875 0.02109375 0.0296875
0 0.63125 0.45 0.0171875 0.02734375
0 0.65078125 0.43125 0.0171875 0.03671875
0 0.66484375 0.44765625 0.01796875 0.02109375
0 0.66640625 0.40859375 0.01484375 0.0296875
0 0.7 0.3765625 0.021875 0.0359375
0 0.6921875 0.409375 0.02421875 0.02421875
0 0.684375 0.4390625 0.0171875 0.03359375
0 0.70234375 0.4421875 0.0203125 0.02890625
0 0.7078125 0.4265625 0.00859375 0.0125
0 0.7203125 0.41328125 0.0234375 0.0265625
0 0.740625 0.39765625 0.0203125 0.025
0 0.7234375 0.4515625 0.02421875 0.03671875
0 0.75390625 0.43359375 0.00625 0.015625
0 0.76953125 0.48828125 0.009375 0.01328125
0 0.7453125 0.446875 0.01875 0.025
0 0.7734375 0.4453125 0.01953125 0.02890625
0 0.7671875 0.42265625 0.0265625 0.03125
0 0.7734375 0.39765625 0.01875 0.021875
0 0.7859375 0.41328125 0.01640625 0.01875
0 0.78984375 0.4328125 0.021875 0.03671875
0 0.803125 0.4578125 0.02109375 0.02421875
0 0.81796875 0.44140625 0.0171875 0.03984375
0 0.8046875 0.41015625 0.021875 0.03203125
0 0.81953125 0.3828125 0.01875 0.03359375
0 0.82890625 0.40859375 0.02265625 0.03515625
0 0.84453125 0.3890625 0.02265625 0.03359375
0 0.8421875 0.42578125 0.01015625 0.01796875
0 0.83984375 0.440625 0.02265625 0.0265625
0 0.83359375 0.45546875 0.025 0.046875
0 0.87109375 0.37890625 0.021875 0.02421875
0 0.8875 0.41484375 0.02578125 0.02890625
0 0.86875 0.42421875 0.0234375 0.02578125
0 0.87421875 0.45 0.0296875 0.03203125
0 0.8671875 0.46328125 0.0296875 0.03046875
0 0.8859375 0.48203125 0.0359375 0.03515625
0 0.89296875 0.4453125 0.025 0.0328125
0 0.9046875 0.4421875 0.01875 0.0296875
0 0.91015625 0.47109375 0.0203125 0.02734375
0 0.915625 0.4546875 0.015625 0.01875
0 0.91875 0.434375 0.01953125 0.0296875
0 0.9265625 0.42421875 0.015625 0.03046875
0 0.94375 0.40078125 0.02578125 0.02578125
0 0.94140625 0.45 0.0234375 0.0390625
0 0.9625 0.490625 0.01796875 0.03125
0 0.9484375 0.4921875 0.009375 0.028125
0 0.95078125 0.47109375 0.02109375 0.02265625
0 0.9703125 0.45859375 0.021875 0.0421875
0 0.9875 0.4625 0.02109375 0.028125
0 0.95390625 0.4390625 0.01875 0.025
0 0.9703125 0.41796875 0.01875 0.02421875
0 0.97734375 0.43515625 0.01796875 0.02265625
0 0.9921875 0.40625 0.015625 0.021875
0 0.06796875 0.51875 0.0125 0.0125