0 0.0140625 0.65234375 0.01875 0.034375
0 0.015625 0.62109375 0.01953125 0.02734375
0 0.03359375 0.61484375 0.025 0.0375
0 0.0421875 0.58359375 0.02265625 0.0328125
0 0.05703125 0.603125 0.0265625 0.0359375
0 0.00625 0.5671875 0.0125 0.021875
0 0.040625 0.53671875 0.01953125 0.028125
0 0.05390625 0.51640625 0.01953125 0.02578125
0 0.0640625 0.53359375 0.02265625 0.0265625
0 0.08671875 0.53203125 0.0234375 0.02578125
0 0.05546875 0.5609375 0.01640625 0.02578125
0 0.06875 0.57578125 0.0203125 0.0328125
0 0.0890625 0.58828125 0.0234375 0.0328125
0 0.07265625 0.61640625 0.01484375 0.02578125
0 0.10859375 0.5609375 0.02265625 0.0390625
0 0.15 0.57421875 0.01640625 0.0265625
0 0.134375 0.559375 0.021875 0.034375
0 0.1125 0.5109375 0.02109375 0.02734375
0 0.11875 0.53515625 0.015625 0.015625
0 0.1609375 0.5015625 0.02578125 0.025
0 0.17890625 0.53515625 0.021875 0.03203125
0 0.17109375 0.5609375 0.0203125 0.03203125
0 0.1859375 0.5609375 0.015625 0.02578125
0 0.19296875 0.51484375 0.02421875 0.02578125
0 0.21484375 0.54921875 0.0171875 0.03046875
0 0.21328125 0.525 0.03046875 0.02578125
0 0.23125 0.54609375 0.02265625 0.0375
0 0.23515625 0.51484375 0.02421875 0.0203125
0 0.2140625 0.5 0.02265625 0.0203125
0 0.23515625 0.46953125 0.0234375 0.03125
0 0.234375 0.490625 0.021875 0.02109375
0 0.24921875 0.50390625 0.02578125 0.03046875
0 0.26171875 0.5234375 0.01328125 0.01796875
0 0.27109375 0.540625 0.02734375 0.03046875
0 0.26171875 0.48203125 0.01640625 0.0234375
0 0.2796875 0.5203125 0.015625 0.02890625
0 0.29296875 0.53984375 0.025 0.03046875
0 0.30390625 0.52265625 0.0234375 0.03984375
0 0.2796875 0.44765625 0.0234375 0.025
0 0.31796875 0.49453125 0.0234375 0.02578125
0 0.3296875 0.52578125 0.025 0.0453125
0 0.35234375 0.528125 0.01953125 0.0375
0 0.36953125 0.534375 0.02109375 0.034375
0 0.32890625 0.4515625 0.01796875 0.02734375
0 0.34375 0.4453125 0.0203125 0.0328125
0 0.35703125 0.49609375 0.02734375 0.0375
0 0.359375 0.4640625 0.01796875 0.0234375
0 0.39609375 0.46953125 0.02265625 0.0234375
0 0.40078125 0.490625 0.02421875 0.03359375
0 0.40625 0.5453125 0.02421875 0.04453125
0 0.415625 0.51953125 0.01875 0.0265625
0 0.42578125 0.53671875 0.01328125 0.03515625
0 0.4203125 0.49140625 0.01484375 0.02109375
0 0.428125 0.478125 0.021875 0.028125
0 0.44296875 0.51640625 0.021875 0.03046875
0 0.45078125 0.5453125 0.02421875 0.021875
0 0.46484375 0.525 0.01484375 0.02109375
0 0.475 0.5546875 0.01796875 0.0375
0 0.46484375 0.48125 0.01484375 0.028125
0 0.46640625 0.45546875 0.0109375 0.0234375
0 0.50546875 0.4921875 0.025 0.025
0 0.46484375 0.509375 0.01953125 0.015625
0 0.484375 0.52890625 0.015625 0.028125
0 0.4953125 0.54921875 0.02109375 0.02890625
0 0.51484375 0.5578125 0.01796875 0.03828125
0 0.503125 0.51484375 0.02421875 0.03359375
0 0.52734375 0.5375 0.0234375 0.046875
0 0.55234375 0.54375 0.025 0.034375
0 0.55078125 0.5203125 0.01796875 0.01953125
0 0.5609375 0.50546875 0.025 0.03359375
0 0.47578125 0.49609375 0.0125 0.01875
0 0.525 0.44765625 0.015625 0.02734375
0 0.5609375 0.43046875 0.02109375 0.02890625
0 0.57265625 0.4546875 0.0203125 0.0265625
0 0.5609375 0.4671875 0.02578125 0.0234375
0 0.60546875 0.4515625 0.0203125 0.02109375
0 0.578125 0.51875 0.025 0.03046875
0 0.5953125 0.50078125 0.021875 0.028125
0 0.60546875 0.53359375 0.0203125 0.028125
0 0.62578125 0.53203125 0.0203125 0.0359375
0 0.6453125 0.42578125 0.01875 0.03203125
0 0.64609375 0.45859375 0.02109375 0.028125
0 0.634375 0.4953125 0.021875 0.02734375
0 0.653125 0.50703125 0.0234375 0.03515625
0 0.6625 0.534375 0.01875 0.0328125
0 0.684375 0.52890625 0.0296875 0.028125
0 0.69921875 0.50078125 0.02265625 0.0359375
0 0.709375 0.52890625 0.02109375 0.03515625
0 0.715625 0.45078125 0.01796875 0.0328125
0 0.73359375 0.465625 0.0265625 0.025
0 0.7484375 0.45234375 0.01484375 0.0359375
0 0.73515625 0.5125 0.021875 0.03828125
0 0.7546875 0.51484375 0.0203125 0.040625
0 0.7484375 0.48984375 0.025 0.02578125
0 0.71796875 0.50546875 0.0203125 0.03203125
0 0.8109375 0.465625 0.01875 0.04296875
0 0.80859375 0.51328125 0.0171875 0.02109375
0 0.80625 0.4953125 0.03046875 0.04375
0 0.8265625 0.4796875 0.0140625 0.03125
0 0.84453125 0.48515625 0.0265625 0.05078125
0 0.85234375 0.45546875 0.01953125 0.03046875
0 0.82734375 0.4015625 0.02109375 0.0328125
0 0.9015625 0.42421875 0.021875 0.02578125
0 0.86875 0.4609375 0.01875 0.0265625
0 0.88359375 0.45234375 0.01796875 0.0265625
0 0.86953125 0.48671875 0.02265625 0.0296875
0 0.884375 0.49921875 0.01640625 0.028125
0 0.8875 0.47421875 0.02109375 0.02890625
0 0.90859375 0.4953125 0.01875 0.03359375
0 0.9265625 0.49765625 0.01640625 0.0328125
0 0.9203125 0.475 0.0234375 0.02578125
0 0.93984375 0.43125 0.02265625 0.03203125
0 0.96015625 0.44921875 0.0234375 0.021875
0 0.93828125 0.4828125 0.02265625 0.03203125
0 0.9484375 0.50703125 0.02421875 0.03046875
0 0.97265625 0.51640625 0.02109375 0.0234375
0 0.98671875 0.43828125 0.01875 0.025
0 0.946875 0.3796875 0.015625 0.028125
0 0.8375 0.4359375 0.01796875 0.0203125
0 0.8703125 0.41484375 0.0203125 0.02109375
0 0.9484375 0.45859375 0.0203125 0.01953125
0 0.9890625 0.5015625 0.00703125 0.0171875