0 0.02109375 0.56171875 0.02265625 0.025
0 0.0375 0.5578125 0.0203125 0.0265625
0 0.059375 0.5609375 0.0234375 0.028125
0 0.00703125 0.55 0.0140625 0.03203125
0 0.01484375 0.53671875 0.01875 0.03046875
0 0.028125 0.54140625 0.0125 0.02421875
0 0.03125 0.51171875 0.01796875 0.03359375
0 0.00546875 0.5171875 0.0109375 0.034375
0 0.04609375 0.52421875 0.0171875 0.0390625
0 0.06953125 0.54375 0.02109375 0.025
0 0.06171875 0.52734375 0.01875 0.02578125
0 0.08515625 0.5328125 0.025 0.040625
0 0.07578125 0.50625 0.0125 0.01875
0 0.05625 0.50078125 0.01875 0.021875
0 0.040625 0.48203125 0.01875 0.0234375
0 0.10234375 0.51796875 0.02265625 0.04609375
0 0.090625 0.4890625 0.02265625 0.02734375
0 0.06640625 0.471875 0.01640625 0.0203125
0 0.13125 0.515625 0.02109375 0.03125
0 0.15078125 0.54765625 0.02421875 0.0421875
0 0.1640625 0.509375 0.0234375 0.02578125
0 0.15390625 0.48671875 0.02265625 0.0296875
0 0.128125 0.4921875 0.021875 0.0296875
0 0.1484375 0.51015625 0.01328125 0.03203125
0 0.175 0.46796875 0.0203125 0.028125
0 0.184375 0.4875 0.01875 0.02578125
0 0.19296875 0.51171875 0.025 0.0375
0 0.2046875 0.50703125 0.015625 0.03671875
0 0.221875 0.50703125 0.02734375 0.04609375
0 0.2453125 0.5078125 0.0203125 0.04296875
0 0.234375 0.50234375 0.01796875 0.03671875
0 0.22421875 0.47578125 0.021875 0.03046875
0 0.21484375 0.44765625 0.02421875 0.02890625
0 0.2625 0.45234375 0.02734375 0.025
0 0.2578125 0.475 0.01796875 0.028125
0 0.2921875 0.503125 0.0203125 0.03828125
0 0.27265625 0.4953125 0.0359375 0.05078125
0 0.2953125 0.446875 0.02421875 0.0328125
0 0.2765625 0.43359375 0.02265625 0.02890625
0 0.31015625 0.421875 0.01953125 0.02734375
0 0.32734375 0.4375 0.01953125 0.03203125
0 0.31328125 0.46796875 0.0203125 0.025
0 0.31171875 0.5140625 0.02109375 0.03046875
0 0.31640625 0.48984375 0.0296875 0.0234375
0 0.33046875 0.4921875 0.01953125 0.0171875
0 0.340625 0.51796875 0.02265625 0.03671875
0 0.35078125 0.50546875 0.01796875 0.03828125
0 0.34921875 0.478125 0.021875 0.03359375
0 0.36953125 0.5171875 0.0234375 0.04296875
0 0.3859375 0.5328125 0.0171875 0.0359375
0 0.40625 0.51484375 0.01953125 0.0359375
0 0.40546875 0.528125 0.015625 0.034375
0 0.365625 0.44375 0.02421875 0.025
0 0.35546875 0.421875 0.01796875 0.02890625
0 0.384375 0.4671875 0.015625 0.028125
0 0.4 0.47734375 0.01796875 0.0234375
0 0.39296875 0.49765625 0.02109375 0.02734375
0 0.36484375 0.47578125 0.0125 0.0265625
0 0.42421875 0.5203125 0.0171875 0.03984375
0 0.4390625 0.53125 0.02265625 0.02890625
0 0.4390625 0.54921875 0.0203125 0.01484375
0 0.4578125 0.54375 0.01640625 0.03046875
0 0.46796875 0.540625 0.0140625 0.0296875
0 0.4453125 0.50078125 0.0234375 0.0328125
0 0.4625 0.525 0.0203125 0.0296875
0 0.44296875 0.46640625 0.021875 0.03125
0 0.44765625 0.4375 0.01953125 0.02890625
0 0.4640625 0.4796875 0.02265625 0.02734375
0 0.471875 0.50078125 0.02265625 0.03125
0 0.48125 0.521875 0.01953125 0.028125
0 0.49453125 0.54140625 0.015625 0.03984375
0 0.50703125 0.5359375 0.01640625 0.03125
0 0.51015625 0.509375 0.0171875 0.03359375
0 0.49609375 0.49921875 0.021875 0.0296875
0 0.48515625 0.48515625 0.0171875 0.03203125
0 0.48046875 0.459375 0.02265625 0.02421875
0 0.5 0.47578125 0.02421875 0.0234375
0 0.49140625 0.41640625 0.01953125 0.02265625
0 0.5078125 0.43515625 0.02109375 0.03046875
0 0.5296875 0.53046875 0.02109375 0.03671875
0 0.5375 0.51328125 0.0234375 0.03359375
0 0.56328125 0.51328125 0.01796875 0.0265625
0 0.5734375 0.5296875 0.01875 0.0234375
0 0.5234375 0.4625 0.0234375 0.0296875
0 0.5546875 0.49296875 0.02109375 0.0328125
0 0.590625 0.546875 0.02578125 0.0328125
0 0.5828125 0.51328125 0.01796875 0.0375
0 0.60390625 0.5109375 0.0203125 0.0390625
0 0.58125 0.475 0.0109375 0.028125
0 0.61953125 0.53359375 0.01484375 0.03125
0 0.63359375 0.53203125 0.0140625 0.03828125
0 0.62578125 0.50625 0.02265625 0.03671875
0 0.65 0.521875 0.01875 0.0296875
0 0.6578125 0.54921875 0.025 0.03359375
0 0.64375 0.48203125 0.01328125 0.0296875
0 0.66015625 0.49765625 0.0109375 0.02578125
0 0.66796875 0.521875 0.02109375 0.028125
0 0.6296875 0.45390625 0.01875 0.0234375
0 0.64765625 0.465625 0.0171875 0.02578125
0 0.6859375 0.478125 0.01640625 0.03203125
0 0.678125 0.509375 0.01796875 0.0234375
0 0.69609375 0.51640625 0.02109375 0.0296875
0 0.69296875 0.54140625 0.021875 0.01875
0 0.73671875 0.52890625 0.01875 0.03828125
0 0.72265625 0.50546875 0.028125 0.04296875
0 0.7046875 0.48359375 0.01796875 0.01796875
0 0.709375 0.540625 0.0109375 0.02109375
0 0.71484375 0.44921875 0.02265625 0.03125
0 0.728125 0.45703125 0.01640625 0.02421875
0 0.7703125 0.44296875 0.02265625 0.03125
0 0.7640625 0.46953125 0.01484375 0.03125
0 0.775 0.4765625 0.01953125 0.04453125
0 0.7546875 0.50078125 0.01875 0.0375
0 0.76796875 0.51328125 0.0203125 0.0453125
0 0.78828125 0.5296875 0.01484375 0.03984375
0 0.80390625 0.5203125 0.0140625 0.0359375
0 0.8328125 0.521875 0.0203125 0.03515625
0 0.8109375 0.46875 0.0203125 0.03125
0 0.79609375 0.50859375 0.03203125 0.03359375
0 0.8140625 0.40703125 0.0234375 0.02890625
0 0.82421875 0.44453125 0.01796875 0.03203125
0 0.8484375 0.51015625 0.02265625 0.04375
0 0.8609375 0.49609375 0.01640625 0.034375
0 0.8671875 0.475 0.01875 0.02890625
0 0.88359375 0.496875 0.021875 0.03125
0 0.87734375 0.53984375 0.01171875 0.03046875
0 0.890625 0.5390625 0.01875 0.02421875
0 0.9078125 0.5421875 0.0125 0.025
0 0.8984375 0.5359375 0.01953125 0.03203125
0 0.91875 0.515625 0.01328125 0.0265625
0 0.92890625 0.546875 0.01953125 0.04609375
0 0.93046875 0.49765625 0.02265625 0.028125
0 0.90703125 0.475 0.01171875 0.015625
0 0.95703125 0.55859375 0.0296875 0.0328125
0 0.97265625 0.54453125 0.0140625 0.03125
0 0.99140625 0.54921875 0.0171875 0.03515625
0 0.95546875 0.5140625 0.0234375 0.021875
0 0.97734375 0.52578125 0.01875 0.025
0 0.97578125 0.4984375 0.01484375 0.025
0 0.99140625 0.4890625 0.0171875 0.028125
0 0.9890625 0.51640625 0.021875 0.0390625
0 0.92421875 0.46484375 0.02109375 0.03515625