0 0.01484375 0.49140625 0.0203125 0.02109375
0 0.0125 0.475 0.02109375 0.0203125
0 0.02109375 0.4296875 0.01875 0.0296875
0 0.03359375 0.46640625 0.0140625 0.02890625
0 0.05546875 0.4859375 0.01953125 0.03359375
0 0.06015625 0.41640625 0.01875 0.02578125
0 0.06171875 0.4296875 0.01640625 0.0203125
0 0.07265625 0.4578125 0.02109375 0.040625
0 0.09453125 0.428125 0.021875 0.02734375
0 0.09375 0.46484375 0.02109375 0.046875
0 0.1203125 0.45078125 0.01640625 0.02734375
0 0.12890625 0.46875 0.01953125 0.03828125
0 0.1453125 0.47265625 0.02265625 0.0359375
0 0.1859375 0.43359375 0.0171875 0.03046875
0 0.19765625 0.45625 0.0203125 0.03984375
0 0.22890625 0.46875 0.0234375 0.03515625
0 0.21171875 0.4125 0.01875 0.0328125
0 0.228125 0.4421875 0.01640625 0.01875
0 0.24609375 0.45234375 0.01953125 0.03671875
0 0.25859375 0.46640625 0.01953125 0.03046875
0 0.2796875 0.45625 0.0203125 0.02265625
0 0.2796875 0.434375 0.01953125 0.02265625
0 0.259375 0.40390625 0.02109375 0.02421875
0 0.24609375 0.375 0.02578125 0.028125
0 0.20625 0.371875 0.01640625 0.02578125
0 0.2390625 0.3421875 0.01875 0.0265625
0 0.29453125 0.39375 0.01953125 0.0328125
0 0.28203125 0.41015625 0.02265625 0.0234375
0 0.3 0.4234375 0.01328125 0.02421875
0 0.30625 0.4421875 0.02109375 0.0296875
0 0.315625 0.4734375 0.01328125 0.021875
0 0.3234375 0.46015625 0.02109375 0.0390625
0 0.315625 0.403125 0.01484375 0.0234375
0 0.3328125 0.434375 0.02421875 0.0359375
0 0.3453125 0.42421875 0.01796875 0.02734375
0 0.3359375 0.459375 0.01171875 0.0171875
0 0.35234375 0.46875 0.01875 0.03359375
0 0.353125 0.440625 0.01484375 0.015625
0 0.3703125 0.44765625 0.01796875 0.025
0 0.365625 0.47890625 0.01875 0.03984375
0 0.37890625 0.43359375 0.02890625 0.028125
0 0.38671875 0.41328125 0.02109375 0.025
0 0.40546875 0.421875 0.025 0.0328125
0 0.39140625 0.4609375 0.0234375 0.0421875
0 0.4140625 0.4765625 0.021875 0.0390625
0 0.43515625 0.45859375 0.021875 0.02734375
0 0.46484375 0.41328125 0.0203125 0.03125
0 0.43359375 0.4921875 0.0234375 0.02421875
0 0.45 0.46640625 0.01328125 0.01953125
0 0.47890625 0.47734375 0.0203125 0.03203125
0 0.49765625 0.44296875 0.01796875 0.02734375
0 0.525 0.42421875 0.0203125 0.0296875
0 0.44609375 0.43359375 0.01640625 0.01953125
0 0.4921875 0.50625 0.02578125 0.03359375
0 0.50234375 0.48828125 0.021875 0.03359375
0 0.51328125 0.47421875 0.021875 0.0296875
0 0.53046875 0.48125 0.015625 0.0234375
0 0.5515625 0.471875 0.02109375 0.02734375
0 0.53828125 0.521875 0.0203125 0.03359375
0 0.54296875 0.44609375 0.01328125 0.01640625
0 0.590625 0.43828125 0.021875 0.0234375
0 0.59296875 0.459375 0.02109375 0.02265625
0 0.59140625 0.4921875 0.0203125 0.03125
0 0.5859375 0.5234375 0.02890625 0.040625
0 0.6078125 0.4078125 0.01328125 0.015625
0 0.621875 0.4734375 0.01875 0.0359375
0 0.6359375 0.48515625 0.01796875 0.02734375
0 0.62109375 0.52265625 0.01953125 0.03359375
0 0.6359375 0.5359375 0.01640625 0.03359375
0 0.61328125 0.54609375 0.02109375 0.02890625
0 0.65390625 0.5515625 0.01953125 0.03828125
0 0.67578125 0.55234375 0.02109375 0.03359375
0 0.65390625 0.51796875 0.01796875 0.02578125
0 0.64921875 0.50390625 0.0296875 0.03046875
0 0.675 0.434375 0.0203125 0.03125
0 0.70234375 0.45234375 0.01796875 0.02421875
0 0.69375 0.46796875 0.02109375 0.02578125
0 0.72265625 0.47109375 0.0203125 0.03046875
0 0.7078125 0.50625 0.01875 0.028125
0 0.725 0.5140625 0.01953125 0.025
0 0.69140625 0.53046875 0.02109375 0.0234375
0 0.69921875 0.565625 0.021875 0.03359375
0 0.721875 0.5625 0.0265625 0.0390625
0 0.74765625 0.52734375 0.0203125 0.0328125
0 0.784375 0.57109375 0.021875 0.0328125
0 0.8015625 0.5890625 0.02421875 0.02578125
0 0.81328125 0.603125 0.0171875 0.03046875
0 0.83125 0.61015625 0.02421875 0.025
0 0.8046875 0.56328125 0.0234375 0.03359375
0 0.76875 0.4703125 0.02109375 0.0328125
0 0.784375 0.5015625 0.021875 0.0296875
0 0.80703125 0.5171875 0.021875 0.03046875
0 0.81953125 0.5359375 0.0125 0.02109375
0 0.8375 0.55078125 0.0234375 0.0296875
0 0.88359375 0.496875 0.01953125 0.03046875
0 0.8625 0.53203125 0.01953125 0.025
0 0.86953125 0.54921875 0.02109375 0.02890625
0 0.86015625 0.57734375 0.02109375 0.0234375
0 0.8609375 0.60078125 0.01484375 0.01640625
0 0.88046875 0.6 0.021875 0.01796875
0 0.8859375 0.6171875 0.01875 0.02421875
0 0.86640625 0.63125 0.0203125 0.0265625
0 0.85234375 0.62109375 0.01953125 0.03359375
0 0.8890625 0.55390625 0.0125 0.021875
0 0.92578125 0.60859375 0.021875 0.02421875
0 0.953125 0.5890625 0.0203125 0.025
0 0.93359375 0.5484375 0.0171875 0.02578125
0 0.9171875 0.5375 0.0203125 0.03359375
0 0.93125 0.63046875 0.01875 0.02734375
0 0.94609375 0.68671875 0.01640625 0.02265625
0 0.96171875 0.68203125 0.01484375 0.02890625
0 0.9703125 0.6515625 0.0203125 0.03125
0 0.9609375 0.7375 0.015625 0.02734375
0 0.98828125 0.67578125 0.01953125 0.025
0 0.9921875 0.63984375 0.015625 0.0234375
0 0.98671875 0.5921875 0.0109375 0.0203125
0 0.98046875 0.56484375 0.01875 0.0203125