0 0.009375 0.57265625 0.01875 0.0296875
0 0.00546875 0.4984375 0.0109375 0.03125
0 0.0234375 0.49375 0.021875 0.0296875
0 0.00859375 0.48046875 0.0125 0.02578125
0 0.0046875 0.453125 0.009375 0.025
0 0.025 0.45625 0.0234375 0.0265625
0 0.03828125 0.48203125 0.01875 0.0328125
0 0.06640625 0.48046875 0.02578125 0.021875
0 0.03046875 0.41953125 0.01484375 0.028125
0 0.05 0.3953125 0.0171875 0.02890625
0 0.06796875 0.42578125 0.01875 0.03203125
0 0.0546875 0.44375 0.0171875 0.0265625
0 0.0671875 0.45859375 0.01328125 0.02109375
0 0.0796875 0.4515625 0.01640625 0.0375
0 0.090625 0.4671875 0.01484375 0.02578125
0 0.09375 0.43984375 0.0203125 0.03671875
0 0.1171875 0.4625 0.02421875 0.04765625
0 0.13671875 0.3859375 0.0171875 0.02109375
0 0.1375 0.40859375 0.0171875 0.03203125
0 0.140625 0.43359375 0.021875 0.028125
0 0.13046875 0.4578125 0.0140625 0.03046875
0 0.14296875 0.45859375 0.01484375 0.034375
0 0.15546875 0.46015625 0.01953125 0.04375
0 0.15703125 0.47734375 0.015625 0.02734375
0 0.175 0.47734375 0.0203125 0.03125
0 0.175 0.453125 0.0171875 0.0296875
0 0.1640625 0.42109375 0.01796875 0.025
0 0.1015625 0.4203125 0.0171875 0.01953125
0 0.18828125 0.40078125 0.01484375 0.025
0 0.19765625 0.42109375 0.02109375 0.02734375
0 0.19609375 0.44453125 0.0203125 0.034375
0 0.1953125 0.46484375 0.01875 0.03671875
0 0.20390625 0.47578125 0.0234375 0.04296875
0 0.20859375 0.434375 0.01328125 0.0203125
0 0.225 0.3875 0.0234375 0.0265625
0 0.23359375 0.4125 0.01640625 0.02734375
0 0.21953125 0.42578125 0.009375 0.0265625
0 0.225 0.4359375 0.01484375 0.02421875
0 0.2328125 0.4828125 0.01875 0.03046875
0 0.24765625 0.48046875 0.02109375 0.034375
0 0.225 0.47421875 0.01328125 0.02890625
0 0.246875 0.44296875 0.01953125 0.0265625
0 0.25625 0.4625 0.01953125 0.025
0 0.25078125 0.4296875 0.01484375 0.015625
0 0.26796875 0.42734375 0.0203125 0.0234375
0 0.26015625 0.41328125 0.01640625 0.02890625
0 0.28359375 0.465625 0.02109375 0.03125
0 0.2703125 0.484375 0.0234375 0.0390625
0 0.2890625 0.4859375 0.01484375 0.034375
0 0.2765625 0.44140625 0.0171875 0.03203125
0 0.2953125 0.4953125 0.01484375 0.03046875
0 0.28515625 0.540625 0.02109375 0.0265625
0 0.30859375 0.48515625 0.01875 0.0296875
0 0.31640625 0.45234375 0.021875 0.0265625
0 0.30234375 0.40390625 0.0203125 0.02421875
0 0.328125 0.421875 0.021875 0.02890625
0 0.3375 0.40625 0.0140625 0.02421875
0 0.35546875 0.4140625 0.0171875 0.02734375
0 0.33203125 0.46953125 0.01875 0.03203125
0 0.34140625 0.49140625 0.01875 0.0359375
0 0.32890625 0.49296875 0.01171875 0.02421875
0 0.3515625 0.44140625 0.01484375 0.021875
0 0.3578125 0.46015625 0.0140625 0.01875
0 0.34375 0.45390625 0.01015625 0.02109375
0 0.375 0.4234375 0.02109375 0.03046875
0 0.365625 0.48984375 0.01484375 0.0296875
0 0.359375 0.51875 0.01484375 0.0265625
0 0.37734375 0.4765625 0.009375 0.0328125
0 0.38046875 0.44609375 0.021875 0.0234375
0 0.39296875 0.45546875 0.01484375 0.02890625
0 0.43125 0.45703125 0.01484375 0.02890625
0 0.41640625 0.50078125 0.01640625 0.03203125
0 0.45625 0.5078125 0.0203125 0.02890625
0 0.44765625 0.4953125 0.02109375 0.02890625
0 0.428125 0.50234375 0.0234375 0.025
0 0.40625 0.478125 0.015625 0.0125
0 0.39296875 0.49609375 0.009375 0.02109375
0 0.3796875 0.50234375 0.0125 0.01875
0 0.46171875 0.478125 0.01953125 0.02421875
0 0.4703125 0.5 0.0125 0.02890625
0 0.4734375 0.5140625 0.015625 0.025
0 0.46640625 0.4625 0.021875 0.02265625
0 0.4890625 0.5046875 0.01953125 0.05390625
0 0.5 0.50546875 0.01796875 0.040625
0 0.5125 0.48203125 0.021875 0.02890625
0 0.515625 0.5140625 0.015625 0.0375
0 0.53359375 0.50703125 0.0203125 0.02890625
0 0.54296875 0.521875 0.01875 0.04296875
0 0.484375 0.4453125 0.0109375 0.03125
0 0.55859375 0.421875 0.01953125 0.0296875
0 0.58984375 0.44140625 0.02109375 0.02734375
0 0.5890625 0.41640625 0.01796875 0.02421875
0 0.5484375 0.48125 0.0140625 0.0203125
0 0.565625 0.4984375 0.0171875 0.02578125
0 0.57578125 0.52109375 0.0265625 0.05234375
0 0.60390625 0.5140625 0.03046875 0.05859375
0 0.63125 0.5375 0.0203125 0.0296875
0 0.6421875 0.5125 0.0203125 0.03203125
0 0.62890625 0.5 0.0171875 0.0265625
0 0.64921875 0.48203125 0.01953125 0.02734375
0 0.65390625 0.45546875 0.02109375 0.028125
0 0.61875 0.47421875 0.015625 0.02421875
0 0.63125 0.45546875 0.0203125 0.02421875
0 0.62890625 0.4375 0.02109375 0.0265625
0 0.61484375 0.43046875 0.02109375 0.02890625
0 0.6125 0.45703125 0.02109375 0.03828125
0 0.6828125 0.4515625 0.02265625 0.02890625
0 0.68046875 0.48984375 0.01796875 0.03046875
0 0.6671875 0.53671875 0.01875 0.02578125
0 0.6828125 0.52578125 0.02109375 0.0328125
0 0.66640625 0.51171875 0.01328125 0.01640625
0 0.69453125 0.484375 0.01953125 0.04140625
0 0.70078125 0.534375 0.0125 0.03203125
0 0.7109375 0.51796875 0.01796875 0.028125
0 0.71953125 0.53125 0.025 0.03125
0 0.73515625 0.528125 0.009375 0.01953125
0 0.728125 0.55 0.02265625 0.02734375
0 0.74140625 0.55234375 0.01328125 0.02578125
0 0.7515625 0.54609375 0.015625 0.03984375
0 0.7609375 0.5546875 0.01875 0.0296875
0 0.7765625 0.55625 0.01640625 0.01796875
0 0.7765625 0.5359375 0.01328125 0.02109375
0 0.746875 0.5140625 0.0125 0.03125
0 0.72421875 0.49609375 0.01484375 0.01875
0 0.7625 0.4875 0.02265625 0.02421875
0 0.75859375 0.4703125 0.0203125 0.02421875
0 0.7921875 0.43828125 0.01484375 0.0234375
0 0.81640625 0.478125 0.02421875 0.02578125
0 0.7828125 0.5125 0.01640625 0.0265625
0 0.79453125 0.54921875 0.01171875 0.02578125
0 0.8015625 0.56875 0.01953125 0.0328125
0 0.81171875 0.53515625 0.021875 0.02265625
0 0.83515625 0.55546875 0.01484375 0.02421875
0 0.8375 0.5765625 0.0171875 0.0375
0 0.85390625 0.590625 0.0203125 0.025
0 0.8296875 0.5203125 0.0125 0.021875
0 0.8578125 0.53828125 0.021875 0.02578125
0 0.86171875 0.51484375 0.02109375 0.02421875
0 0.8640625 0.49609375 0.01796875 0.02265625
0 0.88515625 0.5046875 0.0171875 0.0234375
0 0.90390625 0.52734375 0.0203125 0.02890625
0 0.90078125 0.55 0.0203125 0.021875
0 0.871875 0.55859375 0.0171875 0.0203125
0 0.8703125 0.6015625 0.01953125 0.0328125
0 0.871875 0.6296875 0.01796875 0.02890625
0 0.89375 0.61875 0.0140625 0.0203125
0 0.90390625 0.60078125 0.0171875 0.03671875
0 0.89921875 0.57109375 0.021875 0.02421875
0 0.9109375 0.5625 0.01484375 0.028125
0 0.92265625 0.584375 0.01875 0.0296875
0 0.9375 0.55625 0.01640625 0.01953125
0 0.93046875 0.60546875 0.01953125 0.02734375
0 0.93671875 0.62109375 0.015625 0.02734375
0 0.965625 0.5828125 0.0203125 0.03515625
0 0.98828125 0.59765625 0.0140625 0.02734375
0 0.97578125 0.6171875 0.01796875 0.02890625
0 0.9640625 0.6265625 0.0125 0.028125