0 0.009375 0.72109375 0.01796875 0.03515625
0 0.0171875 0.70625 0.0234375 0.04140625
0 0.028125 0.69921875 0.04296875 0.03984375
0 0.01484375 0.66328125 0.021875 0.02578125
0 0.0375 0.66171875 0.01953125 0.034375
0 0.0578125 0.6703125 0.02421875 0.03828125
0 0.0796875 0.66796875 0.0265625 0.0390625
0 0.1015625 0.6546875 0.02578125 0.0328125
0 0.07421875 0.64375 0.03125 0.03125
0 0.0515625 0.63125 0.02578125 0.028125
0 0.00859375 0.6140625 0.0171875 0.028125
0 0.03984375 0.6109375 0.02421875 0.0359375
0 0.10234375 0.61875 0.0171875 0.03046875
0 0.1234375 0.6125 0.028125 0.03359375
0 0.10703125 0.58828125 0.02109375 0.034375
0 0.1375 0.62265625 0.0234375 0.03828125
0 0.14765625 0.5953125 0.01875 0.0390625
0 0.1515625 0.5484375 0.02265625 0.0265625
0 0.16953125 0.51015625 0.02265625 0.03125
0 0.18359375 0.54140625 0.0265625 0.03671875
0 0.1953125 0.5234375 0.02265625 0.0296875
0 0.2078125 0.54765625 0.0234375 0.0328125
0 0.19453125 0.56328125 0.0234375 0.03359375
0 0.22578125 0.5109375 0.0234375 0.0375
0 0.2296875 0.5578125 0.0234375 0.03203125
0 0.21015625 0.57890625 0.021875 0.03515625
0 0.228125 0.58203125 0.02421875 0.02890625
0 0.25703125 0.5875 0.02734375 0.02578125
0 0.25234375 0.56015625 0.02265625 0.03125
0 0.2578125 0.54140625 0.01875 0.02265625
0 0.28515625 0.54921875 0.0296875 0.03984375
0 0.26875 0.51640625 0.02421875 0.02734375
0 0.2765625 0.4953125 0.0265625 0.0296875
0 0.271875 0.459375 0.02265625 0.03046875
0 0.30390625 0.50078125 0.0234375 0.02890625
0 0.2921875 0.52578125 0.02421875 0.03359375
0 0.30859375 0.52890625 0.01953125 0.03125
0 0.32421875 0.54296875 0.0203125 0.0328125
0 0.3296875 0.51640625 0.01796875 0.02265625
0 0.3375 0.5375 0.0125 0.03359375
0 0.35234375 0.5390625 0.0234375 0.03984375
0 0.36328125 0.51875 0.02265625 0.0328125
0 0.3390625 0.50234375 0.0203125 0.0203125
0 0.3515625 0.4875 0.02578125 0.03125
0 0.3234375 0.4671875 0.02265625 0.03671875
0 0.34296875 0.43359375 0.0234375 0.0359375
0 0.38671875 0.5 0.021875 0.0328125
0 0.38125 0.465625 0.02578125 0.03203125
0 0.40625 0.534375 0.028125 0.03203125
0 0.42890625 0.51796875 0.0234375 0.0328125
0 0.41640625 0.49140625 0.021875 0.034375
0 0.4296875 0.43984375 0.02421875 0.034375
0 0.40234375 0.45546875 0.02109375 0.03515625
0 0.45625 0.440625 0.01640625 0.02109375
0 0.4671875 0.51640625 0.021875 0.034375
0 0.48125 0.5046875 0.01875 0.02734375
0 0.4828125 0.4828125 0.025 0.03046875
0 0.48515625 0.45 0.02578125 0.03671875
0 0.50703125 0.44296875 0.01796875 0.0328125
0 0.503125 0.4921875 0.02109375 0.0328125
0 0.5265625 0.48828125 0.0265625 0.03671875
0 0.5390625 0.5109375 0.028125 0.0375
0 0.525 0.434375 0.02421875 0.03125
0 0.5421875 0.45625 0.0203125 0.0375
0 0.5546875 0.478125 0.02109375 0.04140625
0 0.559375 0.4875 0.02109375 0.03515625
0 0.57109375 0.509375 0.0171875 0.03359375
0 0.56328125 0.43046875 0.021875 0.03125
0 0.5734375 0.45703125 0.0171875 0.028125
0 0.58125 0.478125 0.01875 0.021875
0 0.5828125 0.49609375 0.02265625 0.0328125
0 0.590625 0.49296875 0.02109375 0.03203125
0 0.6078125 0.48671875 0.02734375 0.0453125
0 0.59765625 0.45625 0.0140625 0.0203125
0 0.58828125 0.43984375 0.015625 0.02890625
0 0.62890625 0.45078125 0.025 0.03046875
0 0.66796875 0.49140625 0.02890625 0.034375
0 0.6859375 0.49453125 0.01875 0.02578125
0 0.6921875 0.46875 0.01640625 0.02578125
0 0.67421875 0.4734375 0.02734375 0.0296875
0 0.703125 0.446875 0.021875 0.0265625
0 0.70625 0.48359375 0.02109375 0.0421875
0 0.72890625 0.49453125 0.025 0.03125
0 0.72421875 0.459375 0.01875 0.03046875
0 0.74375 0.46953125 0.0265625 0.046875
0 0.72578125 0.4296875 0.02265625 0.03046875
0 0.7109375 0.425 0.02265625 0.02421875
0 0.7625 0.428125 0.01953125 0.03515625
0 0.75 0.42890625 0.021875 0.021875
0 0.76796875 0.453125 0.01796875 0.0234375
0 0.78046875 0.4828125 0.02265625 0.04296875
0 0.79375 0.4953125 0.01875 0.0296875
0 0.796875 0.4640625 0.021875 0.03046875
0 0.78671875 0.39375 0.028125 0.0375
0 0.815625 0.43046875 0.01875 0.0265625
0 0.8328125 0.42265625 0.0234375 0.02890625
0 0.81328125 0.48515625 0.02578125 0.040625
0 0.83984375 0.46796875 0.0171875 0.03515625
0 0.8625 0.471875 0.02265625 0.0359375
0 0.87734375 0.50234375 0.01875 0.03046875
0 0.8953125 0.4921875 0.02734375 0.04296875
0 0.865625 0.446875 0.01875 0.0234375
0 0.87890625 0.4390625 0.01953125 0.03046875
0 0.87890625 0.41484375 0.02109375 0.03203125
0 0.89765625 0.4375 0.021875 0.02890625
0 0.9234375 0.43671875 0.0265625 0.03671875
0 0.90078125 0.46953125 0.0203125 0.028125
0 0.91796875 0.4796875 0.0140625 0.03515625
0 0.93125 0.46796875 0.015625 0.0390625
0 0.9359375 0.484375 0.01953125 0.03359375
0 0.95859375 0.459375 0.02421875 0.0359375
0 0.96953125 0.478125 0.025 0.034375
0 0.990625 0.47265625 0.01875 0.0359375