0 0.01875 0.63828125 0.01953125 0.02890625
0 0.03515625 0.6375 0.0125 0.02890625
0 0.00625 0.65078125 0.0125 0.0265625
0 0.00703125 0.61015625 0.01328125 0.028125
0 0.02421875 0.61171875 0.01796875 0.02734375
0 0.04609375 0.63671875 0.015625 0.0234375
0 0.06953125 0.62578125 0.01015625 0.03125
0 0.084375 0.6078125 0.0234375 0.0265625
0 0.08125 0.62578125 0.0140625 0.0140625
0 0.065625 0.584375 0.01953125 0.01640625
0 0.06796875 0.5984375 0.021875 0.02578125
0 0.06796875 0.53125 0.01796875 0.0265625
0 0.071875 0.52734375 0.0109375 0.01640625
0 0.07890625 0.56171875 0.01484375 0.02578125
0 0.0890625 0.58125 0.01640625 0.02578125
0 0.10390625 0.5921875 0.0171875 0.0328125
0 0.115625 0.59375 0.0203125 0.0296875
0 0.125 0.57890625 0.0171875 0.02109375
0 0.14140625 0.57734375 0.015625 0.02734375
0 0.1515625 0.59140625 0.015625 0.02421875
0 0.1625 0.6015625 0.01796875 0.02734375
0 0.17578125 0.59609375 0.01875 0.03671875
0 0.17890625 0.58125 0.01640625 0.02421875
0 0.18828125 0.56796875 0.01875 0.0375
0 0.16796875 0.5609375 0.0203125 0.01953125
0 0.140625 0.55546875 0.01328125 0.025
0 0.15859375 0.54296875 0.01875 0.0171875
0 0.2 0.59140625 0.0171875 0.02421875
0 0.20546875 0.57578125 0.02421875 0.03359375
0 0.21640625 0.553125 0.01171875 0.025
0 0.19609375 0.5375 0.0125 0.02109375
0 0.21640625 0.51875 0.0234375 0.02734375
0 0.23046875 0.56171875 0.015625 0.0203125
0 0.22734375 0.57734375 0.02265625 0.0265625
0 0.24453125 0.5484375 0.01484375 0.0234375
0 0.25546875 0.521875 0.021875 0.025
0 0.27265625 0.51953125 0.0171875 0.0234375
0 0.26484375 0.55078125 0.021875 0.028125
0 0.271875 0.578125 0.01640625 0.02890625
0 0.28359375 0.56171875 0.015625 0.03046875
0 0.29453125 0.54375 0.01484375 0.028125
0 0.30859375 0.56484375 0.01875 0.02734375
0 0.29375 0.48046875 0.02265625 0.02265625
0 0.33828125 0.54375 0.01484375 0.0296875
0 0.3546875 0.55078125 0.01796875 0.03359375
0 0.37109375 0.53671875 0.02109375 0.034375
0 0.37265625 0.51328125 0.0171875 0.01953125
0 0.37890625 0.4953125 0.0234375 0.02265625
0 0.328125 0.525 0.01796875 0.03359375
0 0.34609375 0.51953125 0.0171875 0.03515625
0 0.31640625 0.49296875 0.01875 0.0265625
0 0.403125 0.56640625 0.01953125 0.0359375
0 0.41796875 0.54609375 0.02265625 0.0421875
0 0.4 0.52734375 0.0171875 0.03203125
0 0.41953125 0.51328125 0.021875 0.02578125
0 0.4203125 0.46953125 0.02109375 0.03046875
0 0.44609375 0.4796875 0.02265625 0.021875
0 0.43984375 0.53828125 0.02265625 0.03203125
0 0.45078125 0.54609375 0.01484375 0.0375
0 0.471875 0.5421875 0.01875 0.03203125
0 0.4640625 0.52109375 0.0203125 0.02109375
0 0.4609375 0.49921875 0.01953125 0.02265625
0 0.47734375 0.48046875 0.01953125 0.02109375
0 0.4796875 0.51484375 0.01953125 0.02890625
0 0.4921875 0.5234375 0.01953125 0.03046875
0 0.49296875 0.49765625 0.01640625 0.02109375
0 0.51171875 0.5140625 0.0140625 0.0265625
0 0.52109375 0.5140625 0.0125 0.03203125
0 0.52890625 0.51640625 0.01875 0.02734375
0 0.5421875 0.5265625 0.0203125 0.028125
0 0.53203125 0.48125 0.02265625 0.02421875
0 0.49609375 0.46875 0.01953125 0.02421875
0 0.56875 0.47109375 0.01796875 0.02109375
0 0.56875 0.53515625 0.01171875 0.03203125
0 0.57109375 0.5109375 0.01171875 0.02890625
0 0.584375 0.515625 0.015625 0.028125
0 0.59609375 0.521875 0.01953125 0.0359375
0 0.609375 0.51875 0.0171875 0.0265625
0 0.5796875 0.496875 0.02109375 0.034375
0 0.590625 0.47734375 0.021875 0.02890625
0 0.63125 0.4546875 0.0125 0.034375
0 0.63671875 0.465625 0.01484375 0.03203125
0 0.640625 0.5140625 0.0203125 0.025
0 0.6421875 0.49609375 0.015625 0.01640625
0 0.66015625 0.48359375 0.02421875 0.0234375
0 0.615625 0.471875 0.02421875 0.04609375
0 0.70078125 0.49765625 0.0203125 0.02421875
0 0.66640625 0.515625 0.01796875 0.01796875
0 0.6828125 0.509375 0.015625 0.0359375
0 0.7015625 0.4734375 0.02109375 0.0234375
0 0.7171875 0.48125 0.0203125 0.02890625
0 0.7 0.52265625 0.02578125 0.01875
0 0.72890625 0.51953125 0.02265625 0.0265625
0 0.7375 0.48203125 0.021875 0.0234375
0 0.76953125 0.48984375 0.02109375 0.02109375
0 0.77578125 0.50703125 0.01953125 0.0265625
0 0.78359375 0.5203125 0.02265625 0.03203125
0 0.75234375 0.45 0.01875 0.0265625
0 0.79296875 0.47109375 0.01875 0.0234375
0 0.803125 0.4875 0.02109375 0.02890625
0 0.8109375 0.49765625 0.01328125 0.02421875
0 0.8171875 0.515625 0.01484375 0.02421875
0 0.8359375 0.5140625 0.01875 0.03515625
0 0.828125 0.49609375 0.01875 0.01640625
0 0.81640625 0.45703125 0.01796875 0.02734375
0 0.83046875 0.4734375 0.01875 0.01875
0 0.853125 0.4921875 0.0171875 0.01640625
0 0.846875 0.44296875 0.02109375 0.01953125
0 0.8609375 0.52578125 0.01796875 0.0234375
0 0.8609375 0.50703125 0.01796875 0.02734375
0 0.871875 0.484375 0.028125 0.0203125
0 0.884375 0.515625 0.0171875 0.02890625
0 0.9 0.58046875 0.02265625 0.028125
0 0.9046875 0.55 0.01953125 0.01484375
0 0.91796875 0.53984375 0.015625 0.0171875
0 0.9203125 0.52578125 0.015625 0.02578125
0 0.940625 0.5140625 0.021875 0.0265625
0 0.9453125 0.5296875 0.0125 0.025
0 0.896875 0.50625 0.0140625 0.02421875
0 0.92109375 0.4609375 0.01875 0.02265625
0 0.9078125 0.475 0.0140625 0.0390625
0 0.94140625 0.4859375 0.02109375 0.02109375
0 0.9609375 0.47265625 0.01953125 0.01875
0 0.9703125 0.490625 0.0203125 0.02265625
0 0.9765625 0.50703125 0.01796875 0.02109375
0 0.99140625 0.51484375 0.0171875 0.03046875
0 0.9875 0.5359375 0.0234375 0.03046875
0 0.95859375 0.52890625 0.01953125 0.0390625
0 0.85078125 0.4609375 0.01875 0.021875
0 0.85390625 0.47890625 0.01953125 0.0203125