0 0.01171875 0.60859375 0.0234375 0.0328125
0 0.0140625 0.58515625 0.0234375 0.03125
0 0.04140625 0.584375 0.0265625 0.04453125
0 0.06328125 0.58046875 0.021875 0.0390625
0 0.08359375 0.58203125 0.0203125 0.025
0 0.07890625 0.5640625 0.0234375 0.03046875
0 0.05703125 0.5546875 0.02421875 0.0453125
0 0.01015625 0.55703125 0.0203125 0.03203125
0 0.02265625 0.521875 0.0265625 0.0328125
0 0.04765625 0.5109375 0.01953125 0.0328125
0 0.0890625 0.54609375 0.025 0.03046875
0 0.10078125 0.52265625 0.01796875 0.03515625
0 0.11484375 0.54921875 0.01875 0.03203125
0 0.1359375 0.5640625 0.02890625 0.03515625
0 0.1296875 0.5328125 0.02109375 0.0375
0 0.1484375 0.53984375 0.0171875 0.03046875
0 0.1390625 0.50859375 0.02421875 0.03359375
0 0.15703125 0.51875 0.01640625 0.034375
0 0.1703125 0.53125 0.025 0.034375
0 0.18203125 0.553125 0.02109375 0.03203125
0 0.20234375 0.55 0.02421875 0.03125
0 0.1828125 0.51640625 0.021875 0.03203125
0 0.19375 0.47578125 0.02265625 0.028125
0 0.2109375 0.5234375 0.025 0.0453125
0 0.22890625 0.53671875 0.02890625 0.03359375
0 0.2375 0.51953125 0.0234375 0.0265625
0 0.2328125 0.503125 0.02734375 0.0265625
0 0.23515625 0.48515625 0.0296875 0.03359375
0 0.25859375 0.47578125 0.0203125 0.034375
0 0.278125 0.490625 0.0265625 0.0328125
0 0.2625 0.5296875 0.025 0.03359375
0 0.2765625 0.54296875 0.021875 0.02890625
0 0.27265625 0.51640625 0.02734375 0.0359375
0 0.29140625 0.5265625 0.021875 0.0375
0 0.31328125 0.54140625 0.025 0.03046875
0 0.3046875 0.49921875 0.02421875 0.03359375
0 0.32578125 0.51640625 0.0265625 0.05
0 0.315625 0.47421875 0.0203125 0.0265625
0 0.3484375 0.5359375 0.021875 0.03984375
0 0.36953125 0.54375 0.02109375 0.03046875
0 0.38515625 0.53515625 0.02578125 0.03515625
0 0.3546875 0.509375 0.0265625 0.034375
0 0.35859375 0.48671875 0.02734375 0.03203125
0 0.4109375 0.53046875 0.0171875 0.02578125
0 0.4 0.5109375 0.0203125 0.03203125
0 0.38359375 0.48359375 0.02578125 0.04296875
0 0.40546875 0.4890625 0.0234375 0.03203125
0 0.4328125 0.521875 0.03359375 0.0484375
0 0.45234375 0.52265625 0.0203125 0.0375
0 0.4484375 0.49375 0.025 0.03671875
0 0.43359375 0.4765625 0.02109375 0.03125
0 0.45 0.4703125 0.02109375 0.0234375
0 0.4828125 0.5359375 0.02109375 0.0375
0 0.46484375 0.51171875 0.02734375 0.0265625
0 0.48046875 0.48671875 0.03046875 0.03125
0 0.4921875 0.51171875 0.025 0.03125
0 0.496875 0.475 0.02890625 0.03828125
0 0.51171875 0.46015625 0.02734375 0.0296875
0 0.51875 0.5203125 0.02265625 0.040625
0 0.534375 0.53125 0.01640625 0.028125
0 0.5265625 0.49453125 0.021875 0.03671875
0 0.540625 0.50703125 0.0203125 0.03828125
0 0.55390625 0.52734375 0.0234375 0.040625
0 0.5734375 0.5484375 0.02109375 0.03203125
0 0.55 0.475 0.0265625 0.03203125
0 0.56328125 0.49609375 0.0234375 0.034375
0 0.57109375 0.459375 0.0265625 0.0359375
0 0.59296875 0.49375 0.02421875 0.03125
0 0.57890625 0.5203125 0.02421875 0.03203125
0 0.59609375 0.52578125 0.02109375 0.03203125
0 0.609375 0.4640625 0.0234375 0.034375
0 0.62578125 0.51484375 0.0234375 0.02421875
0 0.63671875 0.525 0.01484375 0.0421875
0 0.6234375 0.4875 0.0171875 0.0296875
0 0.659375 0.4546875 0.02578125 0.0375
0 0.64609375 0.4890625 0.02421875 0.03203125
0 0.66328125 0.4953125 0.025 0.03046875
0 0.675 0.48125 0.02578125 0.03359375
0 0.66875 0.525 0.02890625 0.040625
0 0.70390625 0.49375 0.02578125 0.03203125
0 0.7125 0.52109375 0.02109375 0.0359375
0 0.6828125 0.440625 0.02578125 0.0375
0 0.728125 0.46875 0.025 0.0296875
0 0.75625 0.46171875 0.01640625 0.02578125
0 0.82265625 0.41640625 0.01640625 0.02734375
0 0.821875 0.4609375 0.01171875 0.0140625
0 0.840625 0.4953125 0.02734375 0.034375
0 0.8671875 0.49921875 0.03359375 0.03125
0 0.8515625 0.453125 0.0234375 0.03359375
0 0.8875 0.5109375 0.02578125 0.04765625
0 0.90390625 0.49453125 0.0234375 0.040625
0 0.928125 0.5 0.025 0.05703125
0 0.9359375 0.525 0.0203125 0.02890625
0 0.9078125 0.4609375 0.025 0.03828125
0 0.934375 0.421875 0.021875 0.03984375
0 0.9484375 0.4953125 0.02265625 0.0328125
0 0.9671875 0.51953125 0.0328125 0.04453125
0 0.98203125 0.50078125 0.0265625 0.03828125