0 0.01015625 0.4578125 0.01953125 0.0328125
0 0.0109375 0.428125 0.01875 0.028125
0 0.0265625 0.4453125 0.0125 0.02421875
0 0.05078125 0.45546875 0.01953125 0.03671875
0 0.07578125 0.46953125 0.01796875 0.02890625
0 0.08125 0.453125 0.021875 0.0390625
0 0.025 0.40703125 0.021875 0.028125
0 0.05078125 0.39296875 0.015625 0.034375
0 0.0390625 0.4296875 0.0109375 0.02265625
0 0.05078125 0.42421875 0.015625 0.02578125
0 0.078125 0.33984375 0.01796875 0.03125
0 0.11640625 0.384375 0.01796875 0.03984375
0 0.1234375 0.3921875 0.01171875 0.02109375
0 0.10546875 0.4125 0.01484375 0.03046875
0 0.1 0.446875 0.02578125 0.03515625
0 0.1109375 0.4625 0.021875 0.02734375
0 0.128125 0.46640625 0.021875 0.03359375
0 0.11875 0.43984375 0.01953125 0.03046875
0 0.13203125 0.43203125 0.0171875 0.02421875
0 0.13984375 0.44453125 0.0171875 0.02890625
0 0.153125 0.43828125 0.01796875 0.03515625
0 0.14609375 0.45703125 0.01953125 0.02109375
0 0.16640625 0.45625 0.02265625 0.0265625
0 0.17109375 0.43671875 0.01875 0.0234375
0 0.165625 0.4171875 0.0234375 0.025
0 0.1671875 0.39140625 0.02421875 0.0296875
0 0.1625 0.36640625 0.0171875 0.02109375
0 0.1859375 0.340625 0.01875 0.03125
0 0.19140625 0.3859375 0.01171875 0.01640625
0 0.23671875 0.35859375 0.01484375 0.03359375
0 0.1921875 0.45078125 0.0125 0.0203125
0 0.1890625 0.446875 0.01484375 0.03046875
0 0.18359375 0.42734375 0.01171875 0.021875
0 0.1984375 0.41875 0.01796875 0.0265625
0 0.2078125 0.45078125 0.02265625 0.040625
0 0.228125 0.459375 0.0203125 0.0296875
0 0.225 0.43125 0.01953125 0.03515625
0 0.209375 0.425 0.01640625 0.0265625
0 0.24609375 0.4203125 0.02109375 0.0390625
0 0.25703125 0.43671875 0.015625 0.040625
0 0.25 0.459375 0.0203125 0.03984375
0 0.271875 0.34921875 0.02109375 0.034375
0 0.30390625 0.36640625 0.01875 0.03125
0 0.30390625 0.409375 0.021875 0.028125
0 0.3078125 0.440625 0.01796875 0.02734375
0 0.29140625 0.465625 0.0125 0.02578125
0 0.30078125 0.4671875 0.015625 0.03515625
0 0.32578125 0.465625 0.02578125 0.03515625
0 0.3296875 0.44453125 0.01796875 0.034375
0 0.33828125 0.42109375 0.0203125 0.03046875
0 0.35390625 0.4125 0.0171875 0.0375
0 0.34453125 0.39375 0.01953125 0.02265625
0 0.33203125 0.36875 0.0203125 0.03359375
0 0.37109375 0.34453125 0.0171875 0.03203125
0 0.37734375 0.37578125 0.02109375 0.02890625
0 0.37578125 0.44765625 0.01640625 0.03515625
0 0.3875 0.4734375 0.01875 0.028125
0 0.4078125 0.44375 0.01953125 0.02734375
0 0.42109375 0.4578125 0.02109375 0.0453125
0 0.44140625 0.4625 0.01953125 0.0359375
0 0.4359375 0.4375 0.0109375 0.02734375
0 0.45703125 0.46640625 0.0109375 0.02890625
0 0.4703125 0.47265625 0.0171875 0.03359375
0 0.46640625 0.44765625 0.01484375 0.02890625
0 0.40625 0.3671875 0.01875 0.03125
0 0.42578125 0.38046875 0.01484375 0.03046875
0 0.453125 0.38984375 0.0234375 0.03125
0 0.4515625 0.3484375 0.01875 0.0328125
0 0.45546875 0.3671875 0.015625 0.021875
0 0.4765625 0.3625 0.01953125 0.034375
0 0.48828125 0.38046875 0.01328125 0.0296875
0 0.50546875 0.37265625 0.0203125 0.02734375
0 0.50859375 0.35390625 0.01640625 0.028125
0 0.52734375 0.36171875 0.0203125 0.0234375
0 0.51796875 0.3984375 0.0203125 0.04609375
0 0.53828125 0.38828125 0.021875 0.0296875
0 0.47890625 0.45703125 0.01875 0.03125
0 0.496875 0.4421875 0.0171875 0.02734375
0 0.50078125 0.46484375 0.01953125 0.0296875
0 0.51640625 0.44609375 0.0171875 0.0390625
0 0.52890625 0.453125 0.01796875 0.040625
0 0.540625 0.43828125 0.01875 0.03125
0 0.5484375 0.453125 0.01796875 0.03359375
0 0.56796875 0.46171875 0.0203125 0.03984375
0 0.55859375 0.41171875 0.01640625 0.03203125
0 0.58828125 0.4515625 0.01953125 0.03828125
0 0.56640625 0.378125 0.01953125 0.0328125
0 0.578125 0.3984375 0.021875 0.03359375
0 0.621875 0.39921875 0.01796875 0.03203125
0 0.60859375 0.38046875 0.0234375 0.03515625
0 0.6125 0.4296875 0.0203125 0.02890625
0 0.6203125 0.4609375 0.01484375 0.03203125
0 0.628125 0.48359375 0.01328125 0.02890625
0 0.64140625 0.46484375 0.021875 0.03515625
0 0.6515625 0.421875 0.01796875 0.03046875
0 0.65546875 0.46875 0.009375 0.02578125
0 0.67890625 0.48046875 0.02109375 0.03046875
0 0.68515625 0.46171875 0.01875 0.02421875
0 0.64296875 0.39296875 0.0234375 0.03046875
0 0.6578125 0.37109375 0.02109375 0.0265625
0 0.6734375 0.41015625 0.0234375 0.02890625
0 0.70546875 0.45625 0.02265625 0.028125
0 0.715625 0.4625 0.021875 0.03203125
0 0.7125 0.4921875 0.02265625 0.02890625
0 0.7328125 0.48828125 0.01171875 0.03046875
0 0.75234375 0.49765625 0.02421875 0.0265625
0 0.73828125 0.45703125 0.0234375 0.03046875
0 0.7453125 0.415625 0.01953125 0.025
0 0.771875 0.51796875 0.025 0.03125
0 0.778125 0.4953125 0.01796875 0.01796875
0 0.79140625 0.5015625 0.0171875 0.028125
0 0.80625 0.52578125 0.01953125 0.034375
0 0.79375 0.453125 0.01953125 0.0296875
0 0.803125 0.475 0.01953125 0.04609375
0 0.8265625 0.4984375 0.02109375 0.0359375
0 0.8296875 0.52109375 0.0234375 0.0328125
0 0.8328125 0.546875 0.01953125 0.03359375
0 0.79921875 0.57578125 0.0203125 0.03203125
0 0.82421875 0.59140625 0.0171875 0.0328125
0 0.846875 0.4578125 0.02109375 0.03125
0 0.8484375 0.5328125 0.01328125 0.01875
0 0.865625 0.53984375 0.01875 0.034375
0 0.88046875 0.53125 0.0140625 0.0296875
0 0.88125 0.55703125 0.01953125 0.02890625
0 0.90625 0.53984375 0.01875 0.03203125
0 0.91015625 0.51015625 0.01796875 0.03046875
0 0.9265625 0.49921875 0.02265625 0.02890625
0 0.96171875 0.56171875 0.01875 0.03359375
0 0.9390625 0.57265625 0.0171875 0.01953125
0 0.93671875 0.61875 0.02109375 0.040625
0 0.953125 0.64921875 0.0125 0.02890625
0 0.96484375 0.64921875 0.0125 0.02421875
0 0.984375 0.6515625 0.0171875 0.0296875
0 0.99140625 0.6734375 0.01484375 0.03125
0 0.9703125 0.5984375 0.01953125 0.03125
0 0.9546875 0.60234375 0.0140625 0.034375
0 0.97890625 0.56328125 0.0140625 0.0265625
0 0.9859375 0.615625 0.0125 0.0296875
0 0.99609375 0.61484375 0.0078125 0.03125
0 0.9015625 0.57578125 0.01171875 0.0203125
0 0.853125 0.509375 0.015625 0.01484375
0 0.82109375 0.44921875 0.015625 0.02421875
0 0.34296875 0.4984375 0.01171875 0.021875