0 0.0046875 0.40078125 0.009375 0.03671875
0 0.0109375 0.359375 0.0203125 0.03203125
0 0.00859375 0.33046875 0.0171875 0.0359375
0 0.02421875 0.3453125 0.0203125 0.03203125
0 0.03828125 0.3703125 0.0125 0.03203125
0 0.02578125 0.3765625 0.0234375 0.0328125
0 0.0171875 0.39609375 0.0140625 0.02890625
0 0.04296875 0.3984375 0.01171875 0.0296875
0 0.05859375 0.39296875 0.02265625 0.034375
0 0.05859375 0.3640625 0.0203125 0.025
0 0.07890625 0.39375 0.01875 0.04453125
0 0.09296875 0.3765625 0.021875 0.0328125
0 0.078125 0.35625 0.0203125 0.0296875
0 0.09609375 0.40625 0.01640625 0.03828125
0 0.1078125 0.40546875 0.0171875 0.02578125
0 0.0859375 0.3015625 0.01875 0.02734375
0 0.103125 0.34453125 0.02578125 0.03671875
0 0.14453125 0.3265625 0.021875 0.02734375
0 0.15234375 0.35546875 0.0203125 0.0375
0 0.1640625 0.3703125 0.01953125 0.028125
0 0.1765625 0.384375 0.01484375 0.0234375
0 0.1578125 0.38984375 0.01484375 0.0203125
0 0.1609375 0.41171875 0.015625 0.0296875
0 0.1828125 0.409375 0.01875 0.025
0 0.18671875 0.43125 0.0234375 0.02734375
0 0.203125 0.434375 0.01171875 0.0234375
0 0.2015625 0.4078125 0.02578125 0.0265625
0 0.18828125 0.384375 0.0109375 0.01875
0 0.18984375 0.35859375 0.021875 0.02734375
0 0.19296875 0.33046875 0.015625 0.025
0 0.209375 0.37109375 0.021875 0.02734375
0 0.215625 0.39140625 0.0203125 0.02578125
0 0.24453125 0.421875 0.01953125 0.04453125
0 0.24921875 0.45078125 0.01484375 0.0234375
0 0.25546875 0.396875 0.01796875 0.03203125
0 0.25546875 0.35078125 0.0203125 0.02578125
0 0.24453125 0.34609375 0.015625 0.0359375
0 0.23984375 0.36875 0.01328125 0.0234375
0 0.28046875 0.33125 0.01640625 0.02421875
0 0.26953125 0.378125 0.025 0.03359375
0 0.3140625 0.31328125 0.01875 0.0296875
0 0.29921875 0.375 0.01796875 0.0328125
0 0.2796875 0.4078125 0.025 0.034375
0 0.28671875 0.4328125 0.02421875 0.0328125
0 0.290625 0.4078125 0.02421875 0.02578125
0 0.284375 0.47265625 0.02890625 0.03984375
0 0.26484375 0.44609375 0.01328125 0.0421875
0 0.31640625 0.46015625 0.01640625 0.034375
0 0.303125 0.4328125 0.01171875 0.03984375
0 0.340625 0.3859375 0.01640625 0.02890625
0 0.32734375 0.4421875 0.0171875 0.01875
0 0.3265625 0.4625 0.0140625 0.034375
0 0.34296875 0.48203125 0.02421875 0.0265625
0 0.340625 0.46484375 0.02734375 0.025
0 0.359375 0.44375 0.0265625 0.0421875
0 0.37890625 0.46953125 0.02421875 0.034375
0 0.384375 0.50390625 0.02421875 0.02734375
0 0.38203125 0.446875 0.0203125 0.025
0 0.4171875 0.44375 0.02421875 0.03046875
0 0.43359375 0.41484375 0.02578125 0.02734375
0 0.44453125 0.43828125 0.021875 0.02734375
0 0.46875 0.44140625 0.0234375 0.02734375
0 0.46796875 0.41484375 0.0234375 0.02734375
0 0.43203125 0.478125 0.02109375 0.028125
0 0.41640625 0.4984375 0.01953125 0.03828125
0 0.4359375 0.51015625 0.01796875 0.0328125
0 0.4625 0.4765625 0.0203125 0.028125
0 0.46640625 0.50390625 0.01796875 0.02734375
0 0.48125 0.471875 0.0171875 0.0296875
0 0.4890625 0.45078125 0.01328125 0.02109375
0 0.51328125 0.45625 0.02109375 0.02890625
0 0.5109375 0.5125 0.02265625 0.0421875
0 0.49140625 0.51328125 0.0109375 0.03203125
0 0.5015625 0.50078125 0.015625 0.0390625
0 0.525 0.4890625 0.02109375 0.03359375
0 0.54609375 0.48984375 0.0203125 0.034375
0 0.54921875 0.4140625 0.0203125 0.0359375
0 0.5703125 0.45234375 0.0234375 0.02421875
0 0.5390625 0.521875 0.01953125 0.05078125
0 0.54765625 0.54296875 0.03203125 0.03125
0 0.58203125 0.51796875 0.021875 0.0296875
0 0.5796875 0.48359375 0.0203125 0.03671875
0 0.59140625 0.4953125 0.0171875 0.03125
0 0.6015625 0.48125 0.01484375 0.01875
0 0.58125 0.55 0.01953125 0.03046875
0 0.6 0.5453125 0.01484375 0.03125
0 0.62734375 0.56953125 0.025 0.0375
0 0.6375 0.53203125 0.01484375 0.02421875
0 0.6546875 0.5546875 0.021875 0.03046875
0 0.634375 0.49375 0.0203125 0.0328125
0 0.6640625 0.47265625 0.01640625 0.028125
0 0.665625 0.51015625 0.01953125 0.02734375
0 0.7046875 0.5 0.02109375 0.0265625
0 0.6984375 0.53359375 0.02265625 0.0375
0 0.73046875 0.521875 0.03515625 0.0421875
0 0.72421875 0.49921875 0.0171875 0.021875
0 0.75625 0.51796875 0.02265625 0.034375
0 0.740625 0.4046875 0.02109375 0.02734375
0 0.69453125 0.57109375 0.025 0.028125
0 0.6671875 0.578125 0.03125 0.05
0 0.7078125 0.59375 0.02734375 0.040625
0 0.7078125 0.56015625 0.0171875 0.02890625
0 0.728125 0.55703125 0.025 0.028125
0 0.73359375 0.57734375 0.0234375 0.025
0 0.7375 0.6046875 0.01640625 0.0328125
0 0.72265625 0.615625 0.01953125 0.03515625
0 0.746875 0.5625 0.0125 0.0328125
0 0.76640625 0.58125 0.0265625 0.03359375
0 0.78203125 0.56640625 0.028125 0.0390625
0 0.7453125 0.62890625 0.02265625 0.0359375
0 0.77265625 0.63671875 0.0234375 0.0359375
0 0.75625 0.59921875 0.01875 0.03046875
0 0.79765625 0.60703125 0.0265625 0.0359375
0 0.78828125 0.65 0.02578125 0.03203125
0 0.8046875 0.6546875 0.0265625 0.03359375
0 0.81015625 0.62265625 0.01796875 0.02734375
0 0.8359375 0.56640625 0.01953125 0.02578125
0 0.8515625 0.59296875 0.0203125 0.0296875
0 0.83203125 0.59609375 0.02890625 0.03671875
0 0.8484375 0.61953125 0.02421875 0.025
0 0.8234375 0.64921875 0.02109375 0.028125
0 0.825 0.68046875 0.01796875 0.03515625
0 0.8421875 0.678125 0.01796875 0.02421875
0 0.84453125 0.653125 0.01953125 0.03828125
0 0.86015625 0.66484375 0.01875 0.03984375
0 0.86875 0.70234375 0.03046875 0.0390625
0 0.878125 0.69921875 0.0171875 0.03984375
0 0.884375 0.65546875 0.01953125 0.02265625
0 0.87265625 0.63046875 0.0171875 0.02734375
0 0.91484375 0.64921875 0.021875 0.02421875
0 0.93671875 0.65234375 0.0171875 0.0296875
0 0.9203125 0.625 0.02109375 0.02421875
0 0.91875 0.696875 0.015625 0.03046875
0 0.9 0.71484375 0.01796875 0.02578125
0 0.91796875 0.72265625 0.01640625 0.028125
0 0.93125 0.703125 0.0171875 0.03125
0 0.9359375 0.6796875 0.0203125 0.0171875
0 0.9578125 0.65703125 0.0171875 0.01953125
0 0.978125 0.7 0.01953125 0.05078125
0 0.9359375 0.7328125 0.01640625 0.02265625
0 0.94296875 0.7453125 0.01484375 0.021875
0 0.953125 0.7640625 0.02421875 0.03125
0 0.96015625 0.7375 0.015625 0.0359375
0 0.9703125 0.75 0.0234375 0.0484375
0 0.9734375 0.78828125 0.02265625 0.02421875
0 0.97421875 0.76640625 0.02265625 0.0296875
0 0.9875 0.81875 0.025 0.03125
0 0.98984375 0.79140625 0.01953125 0.034375
0 0.96015625 0.6234375 0.01484375 0.025