0 0.01796875 0.5015625 0.0203125 0.03359375
0 0.03515625 0.49453125 0.02109375 0.03984375
0 0.0453125 0.478125 0.01796875 0.040625
0 0.059375 0.46953125 0.025 0.04453125
0 0.01640625 0.459375 0.02265625 0.0296875
0 0.03125 0.4421875 0.015625 0.03046875
0 0.009375 0.4390625 0.01875 0.028125
0 0.0078125 0.4171875 0.015625 0.0265625
0 0.0578125 0.434375 0.02578125 0.0265625
0 0.07890625 0.4234375 0.02578125 0.03671875
0 0.05625 0.415625 0.01875 0.0203125
0 0.08125 0.48828125 0.02265625 0.0296875
0 0.10078125 0.48828125 0.02578125 0.0359375
0 0.109375 0.46796875 0.021875 0.0359375
0 0.11875 0.45078125 0.02421875 0.03515625
0 0.13984375 0.4828125 0.01171875 0.025
0 0.1546875 0.47578125 0.021875 0.03671875
0 0.17578125 0.4671875 0.0171875 0.05625
0 0.15859375 0.42890625 0.0203125 0.0265625
0 0.1578125 0.44609375 0.01484375 0.0234375
0 0.16015625 0.390625 0.0203125 0.03515625
0 0.1640625 0.4125 0.0203125 0.0328125
0 0.178125 0.4171875 0.0140625 0.03203125
0 0.1984375 0.42109375 0.02421875 0.03359375
0 0.1953125 0.46015625 0.01953125 0.0375
0 0.21953125 0.4796875 0.02265625 0.0328125
0 0.22265625 0.45546875 0.0265625 0.034375
0 0.2390625 0.47265625 0.0203125 0.040625
0 0.25703125 0.4546875 0.0234375 0.03359375
0 0.21171875 0.37734375 0.0265625 0.03828125
0 0.2546875 0.41171875 0.025 0.034375
0 0.221875 0.4328125 0.01640625 0.02578125
0 0.23515625 0.43671875 0.01484375 0.02578125
0 0.28203125 0.43046875 0.02421875 0.028125
0 0.2875 0.40625 0.021875 0.0265625
0 0.29453125 0.44375 0.0171875 0.0328125
0 0.31796875 0.4703125 0.021875 0.03125
0 0.33984375 0.47421875 0.0171875 0.0421875
0 0.35 0.4890625 0.0140625 0.028125
0 0.3671875 0.496875 0.02265625 0.03359375
0 0.38671875 0.49296875 0.02421875 0.03671875
0 0.396875 0.5109375 0.015625 0.021875
0 0.35 0.4265625 0.03046875 0.03203125
0 0.3140625 0.4390625 0.021875 0.034375
0 0.346875 0.40546875 0.025 0.02734375
0 0.38828125 0.40546875 0.021875 0.03359375
0 0.37734375 0.434375 0.02578125 0.03125
0 0.3796875 0.46484375 0.025 0.025
0 0.403125 0.4515625 0.02265625 0.02578125
0 0.4046875 0.42890625 0.02734375 0.02890625
0 0.41484375 0.46953125 0.02734375 0.0296875
0 0.40625 0.4921875 0.02265625 0.0375
0 0.421875 0.48515625 0.01953125 0.03125
0 0.4453125 0.496875 0.0234375 0.0375
0 0.46796875 0.50703125 0.0265625 0.03671875
0 0.43125 0.43984375 0.02265625 0.0359375
0 0.43828125 0.46640625 0.021875 0.0296875
0 0.4921875 0.496875 0.021875 0.0375
0 0.51796875 0.49453125 0.02421875 0.03984375
0 0.4671875 0.43984375 0.03515625 0.040625
0 0.50390625 0.4359375 0.0203125 0.03046875
0 0.54765625 0.50625 0.021875 0.04296875
0 0.56171875 0.525 0.02265625 0.0265625
0 0.5796875 0.51484375 0.02734375 0.03828125
0 0.578125 0.4859375 0.0265625 0.02890625
0 0.58828125 0.44921875 0.0203125 0.0328125
0 0.575 0.43671875 0.02265625 0.025
0 0.565625 0.39375 0.0234375 0.03515625
0 0.525 0.4109375 0.028125 0.0265625
0 0.50703125 0.47578125 0.028125 0.028125
0 0.5390625 0.4703125 0.03203125 0.040625
0 0.60859375 0.50546875 0.0234375 0.03046875
0 0.60546875 0.4734375 0.0203125 0.03359375
0 0.621875 0.478125 0.021875 0.03671875
0 0.63984375 0.45859375 0.025 0.04375
0 0.66015625 0.4640625 0.02421875 0.0328125
0 0.653125 0.50078125 0.021875 0.034375
0 0.6640625 0.53046875 0.01640625 0.034375
0 0.64375 0.525 0.01875 0.0375
0 0.66953125 0.50703125 0.0140625 0.02421875
0 0.6859375 0.51875 0.02265625 0.046875
0 0.67578125 0.4859375 0.0234375 0.03515625
0 0.6921875 0.440625 0.02734375 0.0296875
0 0.69921875 0.46328125 0.01953125 0.02421875
0 0.7015625 0.4953125 0.01953125 0.0359375
0 0.70703125 0.53046875 0.025 0.03984375
0 0.72734375 0.52890625 0.015625 0.040625
0 0.72265625 0.490625 0.0234375 0.03359375
0 0.75078125 0.49140625 0.0234375 0.03046875
0 0.74453125 0.55234375 0.0296875 0.03203125
0 0.74921875 0.52265625 0.025 0.03046875
0 0.765625 0.52890625 0.0203125 0.03359375
0 0.78359375 0.51796875 0.015625 0.02890625
0 0.77421875 0.54609375 0.0265625 0.0375
0 0.7828125 0.5671875 0.02421875 0.03515625
0 0.78671875 0.47578125 0.0234375 0.0328125
0 0.8171875 0.4796875 0.0234375 0.03359375
0 0.80390625 0.5640625 0.02109375 0.0359375
0 0.81875 0.56953125 0.01640625 0.040625
0 0.828125 0.54765625 0.02734375 0.034375
0 0.84453125 0.56015625 0.02734375 0.03515625
0 0.84140625 0.51484375 0.02734375 0.02890625
0 0.85859375 0.521875 0.0234375 0.03046875
0 0.875 0.50625 0.0234375 0.02890625
0 0.8796875 0.55 0.02578125 0.03046875
0 0.890625 0.53125 0.02109375 0.02421875
0 0.8984375 0.51328125 0.021875 0.02734375
0 0.9125 0.54296875 0.025 0.03203125
0 0.9015625 0.57109375 0.02578125 0.03203125
0 0.9109375 0.596875 0.02578125 0.0265625
0 0.9125 0.6203125 0.02734375 0.03203125
0 0.9234375 0.63984375 0.025 0.03515625
0 0.93125 0.6140625 0.01796875 0.0265625
0 0.94375 0.6296875 0.025 0.0390625
0 0.96015625 0.634375 0.025 0.02734375
0 0.94375 0.584375 0.015625 0.02578125
0 0.96015625 0.60703125 0.01953125 0.034375
0 0.96171875 0.65546875 0.021875 0.03671875
0 0.9828125 0.64765625 0.0234375 0.03359375
0 0.98828125 0.68203125 0.0234375 0.03671875
0 0.99296875 0.58828125 0.0140625 0.0296875
0 0.9765625 0.57421875 0.025 0.03046875
0 0.92734375 0.57421875 0.01640625 0.02265625
0 0.259375 0.48515625 0.0234375 0.03359375