0 0.009375 0.6125 0.01796875 0.03671875
0 0.02578125 0.6171875 0.025 0.03125
0 0.03046875 0.58984375 0.025 0.0296875
0 0.01171875 0.5796875 0.0234375 0.02578125
0 0.04921875 0.5890625 0.02109375 0.0296875
0 0.0578125 0.571875 0.0265625 0.02734375
0 0.05 0.55546875 0.02578125 0.02109375
0 0.040625 0.56328125 0.02421875 0.02890625
0 0.015625 0.55 0.01953125 0.02421875
0 0.03671875 0.53359375 0.02421875 0.02578125
0 0.05 0.50859375 0.0234375 0.0234375
0 0.07109375 0.52734375 0.021875 0.0203125
0 0.07578125 0.515625 0.02265625 0.0234375
0 0.08125 0.484375 0.021875 0.028125
0 0.07578125 0.5625 0.02109375 0.02421875
0 0.08671875 0.55546875 0.02421875 0.0265625
0 0.10703125 0.5578125 0.0203125 0.0390625
0 0.12109375 0.55 0.0109375 0.0265625
0 0.12421875 0.56953125 0.01640625 0.0234375
0 0.13125 0.54140625 0.0140625 0.03046875
0 0.14921875 0.54375 0.02734375 0.04375
0 0.115625 0.49375 0.02109375 0.03125
0 0.11171875 0.52265625 0.01875 0.02578125
0 0.1359375 0.4921875 0.02265625 0.02890625
0 0.1515625 0.44765625 0.01796875 0.02890625
0 0.18203125 0.5421875 0.0265625 0.03125
0 0.1859375 0.49453125 0.021875 0.028125
0 0.18515625 0.51796875 0.01953125 0.025
0 0.1765625 0.45703125 0.01953125 0.034375
0 0.20390625 0.45 0.02109375 0.028125
0 0.209375 0.50390625 0.02578125 0.03359375
0 0.215625 0.53125 0.01953125 0.03125
0 0.2359375 0.52109375 0.01796875 0.02734375
0 0.24609375 0.5078125 0.021875 0.03671875
0 0.22734375 0.4796875 0.0203125 0.02421875
0 0.2296875 0.43359375 0.01875 0.02421875
0 0.24296875 0.42734375 0.01875 0.01875
0 0.21953125 0.44921875 0.0171875 0.01484375
0 0.2578125 0.47265625 0.02421875 0.02734375
0 0.30078125 0.496875 0.01796875 0.025
0 0.30546875 0.4796875 0.01953125 0.03125
0 0.30078125 0.44765625 0.021875 0.0296875
0 0.32578125 0.45625 0.01796875 0.0265625
0 0.31484375 0.43515625 0.01875 0.025
0 0.296875 0.421875 0.015625 0.01796875
0 0.31484375 0.40625 0.01328125 0.01484375
0 0.33046875 0.421875 0.02109375 0.03125
0 0.36640625 0.475 0.02109375 0.0328125
0 0.390625 0.459375 0.01796875 0.021875
0 0.37734375 0.42109375 0.015625 0.0140625
0 0.38828125 0.421875 0.0203125 0.02109375
0 0.4046875 0.43671875 0.021875 0.03203125
0 0.42265625 0.43515625 0.0203125 0.02265625
0 0.4359375 0.4421875 0.01875 0.025
0 0.4390625 0.41640625 0.01875 0.02421875
0 0.42109375 0.41328125 0.01796875 0.0265625
0 0.4078125 0.39453125 0.0203125 0.02578125
0 0.44140625 0.390625 0.0203125 0.02578125
0 0.4609375 0.3859375 0.01796875 0.0296875
0 0.45703125 0.43828125 0.025 0.0328125
0 0.48046875 0.45390625 0.02265625 0.0296875
0 0.4828125 0.421875 0.015625 0.0234375
0 0.496875 0.4390625 0.01953125 0.028125
0 0.515625 0.44921875 0.0140625 0.0375
0 0.50859375 0.421875 0.028125 0.03046875
0 0.503125 0.39453125 0.021875 0.02578125
0 0.51171875 0.353125 0.0171875 0.0234375
0 0.53125 0.42265625 0.02734375 0.02890625
0 0.52890625 0.446875 0.01953125 0.025
0 0.55390625 0.434375 0.01640625 0.0484375
0 0.5921875 0.45078125 0.01875 0.03203125
0 0.59140625 0.4265625 0.015625 0.028125
0 0.5765625 0.38671875 0.01875 0.02734375
0 0.5796875 0.36953125 0.01484375 0.02734375
0 0.6171875 0.44296875 0.02265625 0.03125
0 0.628125 0.459375 0.0171875 0.025
0 0.63828125 0.446875 0.01953125 0.034375
0 0.64765625 0.4234375 0.0171875 0.025
0 0.6671875 0.42890625 0.02109375 0.03203125
0 0.6671875 0.4609375 0.025 0.0359375
0 0.690625 0.46015625 0.0171875 0.02890625
0 0.70625 0.446875 0.01953125 0.0359375
0 0.72109375 0.45546875 0.01953125 0.02734375
0 0.734375 0.46171875 0.01796875 0.03046875
0 0.75703125 0.45703125 0.01796875 0.02421875
0 0.73671875 0.4109375 0.02109375 0.0265625
0 0.74765625 0.425 0.01796875 0.02578125
0 0.76328125 0.4203125 0.0203125 0.03125
0 0.740625 0.384375 0.0203125 0.02578125
0 0.7703125 0.39140625 0.01796875 0.025
0 0.784375 0.453125 0.02109375 0.02421875
0 0.79609375 0.471875 0.025 0.028125
0 0.8 0.446875 0.01953125 0.021875
0 0.80625 0.403125 0.0234375 0.02890625
0 0.7875 0.39140625 0.0140625 0.025
0 0.81875 0.440625 0.0234375 0.0296875
0 0.84140625 0.38046875 0.01796875 0.0359375
0 0.8515625 0.4421875 0.021875 0.0390625
0 0.8375 0.4734375 0.02265625 0.0421875
0 0.86015625 0.48515625 0.0203125 0.034375
0 0.87421875 0.4734375 0.01328125 0.046875
0 0.88515625 0.4359375 0.01875 0.025
0 0.88671875 0.46796875 0.0265625 0.03984375
0 0.88828125 0.48515625 0.01875 0.0328125
0 0.9 0.4875 0.02109375 0.04375
0 0.8828125 0.3953125 0.01640625 0.0328125
0 0.9171875 0.496875 0.015625 0.03046875
0 0.93046875 0.4671875 0.02265625 0.02890625
0 0.93984375 0.49453125 0.01640625 0.03359375
0 0.96640625 0.5203125 0.0265625 0.04296875
0 0.99375 0.52734375 0.01171875 0.03515625
0 0.9921875 0.50703125 0.01484375 0.0265625