0 0.00703125 0.525 0.0140625 0.04453125
0 0.0328125 0.5296875 0.0203125 0.0359375
0 0.0328125 0.4765625 0.0390625 0.0390625
0 0.07421875 0.4796875 0.01640625 0.02578125
0 0.09140625 0.51328125 0.01953125 0.025
0 0.10234375 0.49765625 0.02109375 0.04609375
0 0.11875 0.5125 0.03046875 0.0484375
0 0.12109375 0.4546875 0.02734375 0.0265625
0 0.05390625 0.503125 0.01640625 0.03984375
0 0.1625 0.490625 0.01796875 0.02578125
0 0.1796875 0.51953125 0.02109375 0.0328125
0 0.18828125 0.4984375 0.021875 0.0296875
0 0.17734375 0.46953125 0.01875 0.02734375
0 0.1578125 0.46015625 0.01875 0.028125
0 0.1515625 0.44453125 0.02265625 0.02265625
0 0.17734375 0.43515625 0.01875 0.02734375
0 0.19453125 0.44921875 0.0125 0.03203125
0 0.2203125 0.45390625 0.02421875 0.02421875
0 0.203125 0.47890625 0.021875 0.03515625
0 0.22265625 0.49140625 0.01953125 0.0328125
0 0.240625 0.5046875 0.0234375 0.0359375
0 0.253125 0.4796875 0.03203125 0.04140625
0 0.2515625 0.4453125 0.0171875 0.02265625
0 0.2328125 0.48125 0.01953125 0.02890625
0 0.26953125 0.49921875 0.01640625 0.03203125
0 0.2796875 0.50859375 0.01484375 0.03125
0 0.290625 0.4890625 0.01640625 0.0296875
0 0.27890625 0.46953125 0.02109375 0.02734375
0 0.3 0.50546875 0.01796875 0.028125
0 0.325 0.51015625 0.02421875 0.0296875
0 0.33359375 0.49375 0.02109375 0.0296875
0 0.33125 0.475 0.0203125 0.02890625
0 0.3140625 0.46484375 0.015625 0.03046875
0 0.31015625 0.4875 0.0171875 0.02578125
0 0.35078125 0.48515625 0.01328125 0.03203125
0 0.340625 0.43203125 0.01171875 0.02109375
0 0.3421875 0.45625 0.0171875 0.01953125
0 0.290625 0.4359375 0.02265625 0.0296875
0 0.378125 0.50546875 0.02109375 0.02890625
0 0.353125 0.5234375 0.01484375 0.015625
0 0.37421875 0.47578125 0.021875 0.02578125
0 0.3984375 0.478125 0.01953125 0.028125
0 0.38828125 0.46171875 0.0265625 0.02578125
0 0.41484375 0.465625 0.02109375 0.0265625
0 0.4359375 0.4703125 0.0203125 0.02734375
0 0.4265625 0.4375 0.0234375 0.025
0 0.41484375 0.50859375 0.021875 0.03203125
0 0.434375 0.5 0.02109375 0.03125
0 0.446875 0.509375 0.02109375 0.03359375
0 0.45390625 0.4796875 0.02109375 0.02578125
0 0.4609375 0.4640625 0.021875 0.034375
0 0.47890625 0.49375 0.0171875 0.0296875
0 0.46328125 0.5203125 0.0125 0.01484375
0 0.49921875 0.51015625 0.01953125 0.02734375
0 0.4921875 0.4859375 0.01875 0.025
0 0.5109375 0.4875 0.01953125 0.02890625
0 0.5125 0.51640625 0.01171875 0.02265625
0 0.52109375 0.50078125 0.0140625 0.0328125
0 0.5359375 0.48671875 0.01875 0.0234375
0 0.5234375 0.4734375 0.01640625 0.02890625
0 0.5234375 0.4484375 0.02265625 0.0203125
0 0.553125 0.45234375 0.0203125 0.02890625
0 0.5375 0.51875 0.01796875 0.02421875
0 0.55078125 0.509375 0.021875 0.034375
0 0.5625 0.5171875 0.01484375 0.02890625
0 0.5625 0.4890625 0.0171875 0.02734375
0 0.58203125 0.4640625 0.0203125 0.028125
0 0.58828125 0.49921875 0.02109375 0.02578125
0 0.58046875 0.5140625 0.01640625 0.028125
0 0.5953125 0.521875 0.015625 0.025
0 0.5921875 0.546875 0.02109375 0.0234375
0 0.61328125 0.52421875 0.02265625 0.028125
0 0.6 0.48125 0.021875 0.0296875
0 0.6140625 0.47734375 0.0203125 0.03203125
0 0.6328125 0.496875 0.0234375 0.0203125
0 0.6296875 0.48984375 0.0234375 0.03046875
0 0.63046875 0.51484375 0.01875 0.02421875
0 0.64296875 0.53125 0.02421875 0.02890625
0 0.66328125 0.5515625 0.02265625 0.02109375
0 0.659375 0.515625 0.0171875 0.01953125
0 0.646875 0.4765625 0.015625 0.0203125
0 0.65703125 0.49140625 0.015625 0.03125
0 0.671875 0.5375 0.01484375 0.03359375
0 0.69140625 0.540625 0.0140625 0.028125
0 0.709375 0.55546875 0.021875 0.02109375
0 0.69921875 0.5140625 0.01796875 0.02734375
0 0.6859375 0.4859375 0.02109375 0.03046875
0 0.6875 0.45859375 0.02734375 0.01796875
0 0.71875 0.490625 0.01796875 0.0265625
0 0.72265625 0.5296875 0.02109375 0.03515625
0 0.7359375 0.50625 0.0140625 0.040625
0 0.74296875 0.5453125 0.0203125 0.0296875
0 0.74765625 0.52265625 0.02578125 0.02578125
0 0.759375 0.5109375 0.02109375 0.02265625
0 0.76640625 0.53515625 0.0125 0.0203125
0 0.77890625 0.49921875 0.01953125 0.02421875
0 0.78359375 0.52109375 0.01875 0.03203125
0 0.7890625 0.54765625 0.01953125 0.03046875
0 0.7453125 0.5671875 0.01484375 0.01796875
0 0.8 0.50546875 0.01484375 0.034375
0 0.81171875 0.5015625 0.01953125 0.03046875
0 0.8265625 0.5015625 0.02265625 0.03125
0 0.821875 0.53984375 0.01796875 0.03828125
0 0.8375 0.53828125 0.01953125 0.034375
0 0.84453125 0.50859375 0.01171875 0.025
0 0.8578125 0.51640625 0.025 0.0359375
0 0.875 0.5703125 0.02421875 0.0328125
0 0.86875 0.54453125 0.02578125 0.025
0 0.88359375 0.52265625 0.01953125 0.02734375
0 0.89140625 0.55 0.01796875 0.03515625
0 0.9203125 0.5375 0.0234375 0.02734375
0 0.90546875 0.54765625 0.01328125 0.0265625
0 0.9578125 0.53125 0.0234375 0.03125
0 0.9421875 0.52578125 0.02109375 0.02578125
0 0.94765625 0.56953125 0.025 0.04609375
0 0.984375 0.60078125 0.0203125 0.025
0 0.9734375 0.5609375 0.02109375 0.04765625
0 0.99140625 0.54453125 0.01640625 0.028125
0 0.9796875 0.5203125 0.01484375 0.0125